23 20 51 87122.13
23 21 13 131526.20
23 23 40 626916.47
23 23 45 646386.47
24 00 14 780759.00
24 03 46 1792183.94
24 04 31 1995166.03
24 04 52 2080350.14
24 05 16 2159365.74
24 05 55 2262215.76
24 06 03 2284607.33
24 06 16 2315213.66
24 07 05 2432401.02
24 07 26 2471392.00
24 07 54 2508832.00
24 08 55 2555226.75
24 09 06 2562444.88
24 13 20 2756523.00
24 14 33 2929566.10
24 15 45 3159545.48
24 15 46 3161883.48
24 17 30 3508296.00
24 19 12 3802899.00
24 20 01 3916512.27
24 20 40 3987045.85
24 20 49 4005993.85
25 06 11 4591039.66
25 06 14 4592951.66
25 07 07 4617457.17
25 07 19 4621399.17
25 08 42 4655751.26
25 10 16 4675891.03
25 19 02 5070091.00
25 21 27 5192236.00
25 22 52 5256267.66
26 00 04 5322206.01
26 00 51 5360883.00
26 01 39 5401465.50
26 03 29 5483726.70
26 05 51 5561246.16
26 08 45 5595606.99
26 09 14 5597774.99
26 10 48 5603407.00
26 12 15 5732742.30