6975
6700
6744
6881
6976
7015
6932
6882
6771
6701
6665
6745
6772
6702
6746
6703
6704
6773
6978
6805
6804
6884
6835
6883
6977
7016
7251
7314
7345
7281
7179
7178
7250
7280
7091
7014
7051
7013
6974
7012
6930
6929
7050
7177
7215
7279
7313
7380
7381
7400
7435
7503
7662
7690
7773
7798
7851
7876
8000
7927
7897
7850
7826
7797
7719
7660
7661
7751
7827
7772
7689
7609
7399
7278
7312
7344
7249
7248
7398
7379
7343
7214
7213
7010
7133
7134
7277
7311
7378
7434
7633
7608
7532
7433
7531
7659
7688
7718
7750
7875
8014
8137
8105
8015
7973
7952
7925
7926
7999
8048
8049
8231
8186
8658
8689
8891
8918
9004
8970
9058
9188
9214
9198
9005
8846
8892
8919
8637
8612
8611
8660
8610
8585
8690
8792
8771
8791
8749
8659
8584
8636
8583
8502
8489
8413
8232
8210
8163
8106
8016
7799
7877
7975
7974
7828
7720
7663
7634
7610
7554
7472
7382
7401
7533
7587
7664
7691
7774
7852
7692
7588
7589
7590
7611
7555
7402
7612
7534
7556
7693
7613
7635
7216
7217
7136
6979
6836
6637
6535
6536
6605
6537
6418
6380
6313
6204
6205
6419
6498
6573
6667
6666
6705
6706
6774
6837
6838
6885
6933
7052
6775
6707
6456
6382
6638
6574
6381
6249
6134
6175
6062
5993
5963
5962
5888
5961
5960
5992
6098
6248
6247
6203
6246
6379
6497
6417
6377
6378
6312
6245
6202
6097
5990
5991
5731
5688
5687
5686
5593
5625
5730
5729
5728
5852
5924
6061
6133
6200
6201
6275
6311
6345
6376
6455
6496
6534
6454
6533
6495
6636
6572
6532
6416
6375
6310
6344
6274
6244
6174
6132
6096
6199
6095
6024
5923
5959
5806
5758
5784
5759
5727
5684
5685
5653
5624
5501
5437
5468
5523
5561
5623
5652
5622
5592
5560
5559
5500
5467
5421
5370
5310
5309
5399
5369
5420
5466
5521
5522
5651
5683
5726
5783
5725
5682
5782
5781
5851
5957
5921
5922
5958
6060
6173
6094
6131
6198
6243
6309
6343
6415
6493
6494
6531
6604
6635
6603
6530
6172
5920
5919
5805
5757
5723
5724
5681
5520
5591
5465
5398
5340
5308
5251
5218
5101
5130
5154
5187
5250
5285
5249
5248
5217
5153
5129
5100
5043
5042
5016
5017
4956
4955
4906
4876
4816
4954
5015
5099
5186
5247
5284
5338
5365
5366
5367
5307
5339
5368
5397
5419
5418
5436
5464
5463
5435
5417
5396
5364
5246
5283
5306
5305
5282
5281
5215
5151
5216
5152
5128
5098
5097
5127
5150
5149
5185
5245
5184
5280
5334
5393
5461
5460
5519
5556
5589
5590
5620
5678
5780
5800
5844
5799
5754
5677
5647
5555
5498
5497
5459
5416
5415
5392
5414
5458
5518
5496
5495
5434
5279
5278
5212
5125
5124
5095
5041
5040
5064
5094
5093
5182
5211
5210
5209
5241
5181
5123
5091
5092
5063
5039
5013
4952
4814
4691
4655
4621
4585
4654
4653
4754
4813
4873
4904
4951
4983
5012
5011
5090
5146
5180
5240
5145
5062
4982
4950
4922
4872
4812
4781
4811
4780
4716
4619
4650
4651
4689
4652
4690
4750
4782
4751
4752
4753
4717
4620
4553
4530
4503
4470
4504
4531
4505
4437
4363
4362
4296
4262
4471
4438
4439
4472
4532
4554
4555
4622
4692
4693
4656
4623
4473
4506
4401
4337
4338
4299
4339
4402
4440
4507
4586
4658
4657
4694
4755
4815
4783
4695
4756
4784
4785
4842
4874
4905
4923
4984
5148
5147
5213
5242
5303
5304
5243
5244
5214
5183
5126
5096
5065
4924
5014
4953
4875
4843
4660
4626
4557
4556
4588
4624
4625
4759
4786
4758
4757
4659
4587
4533
4474
4442
4366
4441
4403
4365
4340
4264
4230
4186
4143
4185
4229
4184
4142
4068
4067
3977
3937
3858
4066
4141
4183
4228
4263
4298
4336
4364
4297
4182
4181
4101
4011
4012
3976
3936
3895
3815
3857
3697
3742
3571
3500
3570
3530
3464
3499
3434
3463
3433
3529
3600
3695
3654
3599
3694
3693
3653
3598
3567
3498
3462
3400
3333
3369
3461
3652
3736
3770
3737
3738
3813
3890
3933
3891
3892
3771
3739
3740
3696
3601
3568
3569
3602
3655
3741
3772
3814
3855
3856
3894
3893
3854
3934
3935
4063
4064
4065
4227
4335
4261
4180
4260
4179
4295
4400
4469
4649
4749
4748
4809
4840
4841
4870
4810
4871
4981
4903
4921
4949
5010
5179
5089
5088
5122
5121
5277
5302
5332
5551
5644
5671
5912
5879
5880
5838
5913
5881
5715
5672
5586
5493
5494
5457
5432
5361
5333
5412
5413
5433
5517
5618
5674
5750
5797
5884
5883
5779
5778
5749
5673
5717
5716
5777
5882
6017
6049
6048
6047
6016
5982
6086
6160
6190
6336
6370
6369
6484
6561
6797
6730
6694
6695
6655
6656
6657
6731
6732
6733
6798
6878
6879
6923
7247
7308
7212
7276
7211
7341
7340
7339
7376
7088
7132
7089
6877
6922
7008
7046
7007
7006
6970
6921
6829
6828
6920
6969
7129
7176
7130
7131
7087
7045
7210
7246
7397
7471
7586
7748
7771
7849
7795
7924
8133
8132
8074
8131
8227
8073
8226
8182
7921
7920
7895
7793
7847
7794
7747
7716
7823
7848
7922
7923
7824
7717
7607
7585
7502
7431
7396
7375
7307
7374
7338
7275
7175
7086
7085
7005
7004
6919
6729
6626
6627
6628
6693
6629
6560
6446
6447
6409
6301
6085
5953
5952
5951
5950
6122
6083
6084
6045
6046
6159
6231
6335
6368
6263
6230
6367
6121
6229
6300
6445
6526
6366
6120
6043
5911
6044
5948
5774
5837
5949
5748
5713
5796
5714
5775
5776
5492
5491
5617
5585
5550
5456
5516
5584
5455
5490
5331
5239
5208
5120
5144
5061
5038
4839
4715
4688
4618
4502
4501
4529
4528
4584
4527
4436
4332
4331
4399
4435
4468
4500
4398
4467
4526
4617
4648
4687
4746
4779
4837
4838
4902
4747
4869
4980
4979
5009
4978
4948
4977
5087
5119
5143
5142
5086
4976
4947
4867
4901
4868
4808
4745
4744
4583
4552
4466
4582
4714
4647
4551
4616
4686
4807
4836
4900
4946
5118
5178
5207
5238
5276
5330
5360
5359
5489
5616
5615
5711
5795
5747
5582
5642
5614
5583
5547
5488
5411
5204
5205
5206
5117
5008
4945
4899
4835
4778
4866
4806
4743
4615
4614
4805
4865
5007
5006
5116
5177
5358
5410
5391
5357
5203
5237
5301
5300
5176
5060
4863
4862
4741
4711
4682
4896
5005
5037
5141
5236
5356
5390
5329
5235
5059
5036
4920
4803
4610
4495
4431
4394
4219
4220
4323
4463
4548
4496
4359
4252
4221
4173
4131
4056
4055
4002
3965
3966
3880
3881
3803
3804
3731
3643
3559
3523
3591
3592
3593
3524
3487
3644
3683
3767
3807
3806
3846
3969
4097
3968
3925
3805
3845
3967
4003
4174
4096
4132
4222
4223
4253
4324
4360
4498
4497
4523
4579
4680
4681
4611
4524
4549
4395
4325
4293
4396
4464
4525
4613
4581
4580
4612
4683
4712
4684
4685
4742
4897
4898
4864
4804
4713
4646
4550
4499
4465
4397
4326
4327
4225
4255
4177
4135
3973
3849
3883
3848
3768
3808
3882
4005
4057
3972
4004
4099
4134
4133
4176
4175
4224
4361
4432
4254
4098
3926
3970
3971
3847
3684
3645
3560
3488
3489
3456
3490
3491
3561
3562
3594
3492
3430
3457
3493
3494
3364
3294
3393
3365
3394
3395
3495
3458
3366
3328
3256
3367
3396
3329
3330
3257
3184
3083
3220
3295
3331
3525
3927
3928
3884
4007
4006
4058
4136
4226
4256
4328
4433
4434
4329
4330
4257
4178
4137
4008
3885
3810
3809
3732
3685
3646
3647
3733
3850
3886
3929
3974
4059
4060
3930
3851
3686
3648
3687
3734
3688
3595
3563
3526
3431
3397
3459
3496
3368
3332
3260
3298
3398
3527
3650
3691
3735
3975
4010
4061
3931
3887
3690
3596
3564
3649
3689
3811
3852
4009
4138
4139
4258
4259
4333
4334
4294
4062
4140
4100
3932
3889
3888
3853
3812
3769
3692
3651
3597
3565
3497
3528
3566
3460
3432
3399
3261
3188
3137
3223
3136
3035
3087
3187
3297
3296
3135
3034
2990
2872
2774
2824
2989
3033
3032
2988
2921
2871
2823
2773
2727
2772
2870
2920
3031
2987
3086
3134
3186
3259
3133
3222
3221
3185
3085
2986
2919
2868
2869
2822
2771
2675
2674
2726
2539
2449
2394
2491
2632
2633
2725
2770
2867
2821
2918
3030
3084
3258
3029
3028
2917
3027
3026
2916
2866
2915
2985
2914
2820
2769
2724
2673
2631
2537
2538
2448
2393
2341
2218
2263
2262
2139
2173
2172
2138
2217
2261
2447
2490
2446
2392
2391
2340
2296
2260
2259
2137
2052
1973
1935
2018
2085
2171
2051
1892
1851
1891
1890
1934
1972
2017
2016
1933
1888
1849
1762
1677
1672
1716
1717
1809
1850
1889
1810
1720
1674
1719
1718
1673
1535
1534
1490
1489
1533
1488
1532
1580
1531
1487
1537
1670
1714
1529
1530
1486
1485
1402
1284
926
1323
1401
1484
1441
1440
1400
1366
1322
1438
1481
1480
1526
1571
1479
1657
1658
1659
1572
1482
1439
1483
1527
1583
1660
1755
1675
1661
1621
1584
1756
1757
1758
1709
1663
1662
1622
1573
1574
1623
1676
1710
1759
1801
1802
1803
1804
1760
1664
1665
1666
1575
1585
1667
1712
1711
1761
1812
1811
1925
1968
2010
2045
2011
2082
2169
2130
2046
2012
1883
1926
1853
1813
1805
1806
1668
1624
1576
1528
1577
1536
1578
1625
1669
1713
1807
1847
1928
1885
1884
1927
1969
2013
2083
2132
2131
2212
2295
2254
2213
2133
2134
2135
2048
2047
2014
1970
1936
1929
1930
1886
1887
1848
1715
1626
1579
1627
1581
1582
1671
1808
1932
1931
1971
2015
2049
2050
2084
2136
2215
2170
2216
2258
2339
2533
2489
2534
2535
2536
2588
2589
2630
2723
2865
2913
2912
3132
2984
2863
2864
2819
2722
2629
2768
2818
2911
2983
3025
2982
3082
3131
3183
3182
3255
3293
3327
3363
3362
3361
3291
3292
3179
3178
3218
3254
3217
3177
3076
3023
3024
2977
2860
2909
3077
3078
3079
2978
2979
3129
3219
3180
3181
3130
3080
3081
2980
2910
2861
2981
2862
2767
2721
2672
2628
2532
2488
2445
2338
2337
2336
2444
2390
2335
2257
2256
2214
2389
2487
2531
2627
2626
2587
2530
2586
2720
2766
2859
2975
2976
3022
3075
3128
3253
3290
3216
3215
3252
3326
3175
3176
3127
3074
3021
2974
2908
2764
2817
2765
2671
2625
2529
2334
2255
2443
2486
2485
2585
2624
2719
2816
2858
2907
2973
3073
3174
3360
3392
3522
3521
3429
3391
3359
3390
3558
3728
3681
3642
3729
3590
3682
3730
3802
3766
3844
3924
3964
3879
3923
3878
3963
3801
3727
3922
3557
3726
3843
3842
3962
4001
4128
4217
4358
4430
4392
4292
4218
4129
4130
4095
4171
4172
4251
4393
4522
4609
4645
4710
4834
4919
5035
5140
5234
5299
5328
5275
5202
5298
5409
5669
5745
5612
5514
5486
5453
5408
5355
5274
5233
5139
5058
5003
4859
4833
4860
4974
5004
4975
4918
4861
4679
4578
4608
4429
4357
4322
4291
4290
4289
4321
4428
4494
4462
4521
4577
4576
4678
4832
4917
4858
4944
5002
5085
5034
5084
5115
5200
5232
5201
5297
5389
5430
5543
5388
5387
5429
5485
5386
5296
5273
5175
5001
4895
4777
4776
4802
4894
5083
5199
5138
5033
4893
4644
4575
4546
4426
4389
4319
4213
4320
4286
4166
4050
3839
3919
4124
4214
4250
4287
4427
4491
4492
4547
4390
4391
4354
4520
4607
4493
4355
4356
4288
4215
4051
3960
4093
4125
4092
3959
3876
3764
3723
3722
3721
3640
3641
3551
3424
3454
3552
3553
3798
3724
3840
3877
3920
4052
4167
4216
4168
4126
4127
4169
4094
4170
4053
4054
3961
3800
3680
3799
3765
3921
3841
3725
3554
3485
3455
3425
3589
3555
3556
3426
3389
3427
3486
3520
3428
3325
3171
3123
3122
3066
3067
3068
3018
2968
3019
3124
2969
2853
2812
2713
2714
2619
2580
2620
2581
2621
2668
2761
2813
2762
2669
2670
2715
2904
2854
2814
2855
2970
3020
3069
3125
3126
3070
3071
3213
3072
3172
3214
3173
2971
2972
2857
2815
2584
2388
2718
2717
2763
2906
2905
2856
2716
2622
2582
2442
2387
2483
2528
2583
2623
2484
2333
2174
2168
2081
2167
2211
2129
2080
1967
1966
1924
1882
1846
1852
1923
1965
1964
2009
2044
2043
2042
2079
2127
2128
2166
2210
2165
2332
2441
2482
2481
2579
2440
2480
2527
2526
2479
2386
2331
2252
2294
2253
2209
2208
2125
2126
2008
1963
2078
2124
2007
1922
1921
1962
1845
1800
1799
1708
1524
1525
1478
1365
1399
1321
1234
1398
1437
1477
1523
1476
1475
1570
1655
1705
1706
1656
1707
1794
1795
1844
1796
1797
1798
1881
1961
2004
2005
2006
2123
2122
2207
2293
2292
2330
2385
2477
2478
2439
2525
2577
2618
2666
2712
2578
2667
2811
2810
2852
2903
2967
2966
2965
2809
2808
2964
2902
2901
2900
3016
3017
3170
3289
3212
3251
3288
3250
3121
3169
3324
3211
3249
2897
2851
2759
2708
2665
2760
2962
2898
2963
2899
2807
2710
2711
2616
2617
2524
2476
2475
2523
2384
2329
2251
2250
2383
2291
2249
2121
2041
2040
2120
2206
2248
2328
2576
2709
2474
2473
2575
2574
2522
2435
2436
2437
2438
2290
2327
2289
2247
2205
2118
2119
2077
1960
1704
1435
1397
1436
1363
1364
1320
1153
1283
1233
1198
1232
1282
1281
1319
1362
1474
1522
1567
1619
1568
1569
1620
1703
1702
1754
1842
1919
1843
1920
2003
2039
2076
2117
2204
2116
2203
2246
2245
2164
2115
2114
2113
2202
2201
2323
2200
2287
2322
2378
2430
2431
2432
2324
2433
2472
2520
2573
2379
2380
2381
2382
2325
2288
2326
2434
2521
2615
2664
2806
3065
3064
3015
3063
3062
3014
2896
2850
2707
2663
2758
2805
2572
2706
2804
2961
3120
3119
2895
2757
2705
2662
2661
2660
2659
2704
2756
2849
2960
3013
3061
3210
3286
3168
2959
2803
2755
2754
2802
2801
2703
2658
2614
2613
2569
2469
2425
2376
2426
2321
2240
2377
2470
2570
2571
2471
2427
2428
2429
2286
2244
2243
2242
2241
2199
2112
2073
2001
1915
1914
1877
1613
1518
1565
1614
1652
1791
2074
1878
1839
1700
1615
1701
1751
1750
1792
1879
1916
1958
1917
1959
2038
2075
2002
1918
1880
1793
1654
1752
1840
1841
1753
1618
1566
1396
1361
1280
1231
1059
1017
975
925
924
923
874
1106
1152
1151
974
873
818
760
817
713
712
872
922
973
1016
1058
1105
1196
1229
1150
1197
1358
1359
1230
1279
1360
1617
1653
1616
1521
1473
1472
1434
1520
1519
1357
1317
1318
1278
1228
1057
1014
1015
921
871
920
816
870
919
1055
1054
1102
1148
1103
1149
1104
1056
1227
1226
1225
1356
1355
1316
1354
1470
1516
1471
1517
1564
1612
1749
1838
1876
1913
1875
1790
2000
2037
2072
2111
2163
2239
2285
2424
2423
2422
2320
2162
1999
2036
1957
2035
2110
2198
2284
2319
2283
2421
2420
2375
2238
2109
1956
1874
1837
1699
1651
1611
1514
1515
1469
1433
1394
1352
1353
1395
1315
1221
972
1012
1147
1222
1223
1224
1100
1101
1013
918
869
648
759
815
868
814
813
971
970
823
867
821
969
1052
1053
1099
1195
1194
1146
1145
1193
1277
1468
1513
1610
1789
1912
1998
1955
2071
2108
2374
2567
2609
2750
2795
2889
3057
3164
3283
3165
3116
3058
2953
2844
2796
2655
2610
2568
2517
2611
2656
2657
2701
2751
2955
2892
2799
2847
2798
2846
2797
2845
2891
2890
2954
3207
3117
3208
3319
3284
3320
3059
2956
2957
2800
2752
2612
2518
2519
2702
2753
2848
2893
2894
2958
3012
3060
3118
3209
3247
3322
3285
3321
3167
3166
3385
3421
3482
3453
3452
3384
3420
3419
3517
3637
3676
3875
3874
3763
3546
3675
3795
3914
3957
3999
4120
4210
4165
4283
4211
4284
4461
4425
4519
4285
4247
4212
4121
4047
4046
3915
3916
3796
3677
3547
3483
3548
3484
3422
3354
3355
3356
3386
3248
3287
3323
3357
3387
3358
3388
3423
3550
3639
3679
3519
3549
3518
3638
3678
3797
3838
3918
4049
4123
4249
4122
3958
3917
4000
4048
4248
4388
4545
4643
4606
4740
4831
4892
4916
4972
5055
5031
5056
5080
5057
5081
4973
5000
4942
4943
5032
5082
5272
5327
5451
5578
5513
5452
5705
5706
5793
5639
5707
5708
5828
5827
5875
5874
5979
5978
6113
6222
6076
5873
5826
5944
5977
6152
6260
6477
6439
6359
6331
6517
6555
6590
6682
6438
6295
6075
6009
5871
5872
5769
5743
5668
5667
5611
5610
5542
5484
5428
5450
5407
5385
5354
5271
5231
5270
5198
5174
5197
5295
5384
5481
5482
5449
5427
5483
5512
5638
5637
5704
5792
5742
5703
5768
5666
5577
5480
5406
5353
5326
5294
5269
5196
5268
5352
5267
5325
5405
5448
5383
5266
5195
5173
5114
5136
5137
4999
4941
4739
4830
4857
4915
4829
4775
4709
4677
4574
4460
4424
4423
4459
4518
4573
4738
4774
4800
4801
4828
4856
4890
4891
4914
4971
4998
5030
5054
5053
5079
5265
5324
5194
5172
5264
5382
5540
5663
5541
5635
5702
5822
5904
5870
5942
5766
5662
5607
5479
5539
5511
5765
5740
5941
6108
6107
6327
6186
6291
6218
6109
6219
6257
6398
6434
6513
6720
6719
6718
6552
6512
6433
6759
6717
6788
6681
6908
6758
6680
6716
6679
6787
6861
6906
6907
6955
6956
6991
7035
7114
7151
7115
7073
7116
7036
7195
7074
6957
7037
7118
7117
7152
7196
7237
7197
7198
7119
7153
6862
6958
6959
6992
7038
7154
7155
7199
7238
7200
6993
6789
6760
6721
6722
6818
6864
6863
6909
6910
6865
6866
6867
6761
6588
6587
6553
6435
6399
6328
6258
6147
6148
6149
6292
6436
6400
6293
6220
6073
6007
5824
5823
5741
5664
5608
5609
5665
5790
5975
5905
5636
5576
5767
5791
5825
5943
6037
6036
6110
6150
6330
6329
6476
6514
6790
6819
6762
6911
6912
6960
6994
6913
6961
7122
7160
7161
7075
6914
6723
6763
6649
6589
6554
6515
6358
6259
6074
5976
6008
6111
6151
6112
6221
6294
6437
6516
6619
6724
6868
6996
7203
7123
7330
7391
7546
7654
7708
7678
7709
7763
7679
7600
7574
7516
7454
7515
7453
7423
7392
7300
7239
7204
7164
7076
7077
6820
6997
7331
7424
7489
7425
7455
7367
7301
7268
7040
6821
6791
6725
6518
6726
6869
6620
6360
6332
6296
6187
6153
6077
6078
6010
5980
5876
5744
5770
5906
5829
6011
6223
6154
6298
6404
6441
6403
6402
6521
6684
6557
6728
6792
6916
6963
6964
7126
7302
7240
7125
7079
6915
6727
6621
6520
6362
6297
6401
6440
6361
6478
6479
6519
6556
6683
6822
6998
7078
7124
7165
7166
7269
7393
7426
7457
7456
7490
7547
7621
7620
7602
7601
7576
7517
7575
7681
7680
7764
7786
7818
7863
7939
7940
7710
7682
7683
7622
7491
7458
7459
7577
7492
7427
7460
7578
7518
7493
7494
7461
7519
7520
7579
7624
7655
7603
7623
7736
7787
7819
7865
7841
7840
7767
7684
7711
7766
7765
7864
7941
7965
8034
8094
8126
8179
8125
8124
8033
8032
8067
8123
8154
8201
8329
8358
8268
8222
8286
8308
8359
8439
8466
8483
8530
8529
8624
8571
8544
8482
8386
8408
8438
8449
8500
8543
8570
8569
8695
8730
8671
8758
8647
8596
8595
8729
8802
8803
8956
8991
9028
9027
9042
9008
9063
9026
8955
8973
9085
9121
9139
9160
9218
9309
9279
9202
9227
9084
9062
9025
9007
8929
8876
8855
8800
8757
8727
8756
8799
8854
8875
8778
8777
8755
8726
8668
8669
8645
8525
8508
8507
8554
8565
8591
8644
8590
8564
8553
8497
8464
8424
8496
8423
8436
8479
8463
8524
8552
8563
8589
8643
8667
8694
8754
8775
8832
8898
8925
8950
8899
8926
8951
9022
8989
8971
8952
8927
8972
8990
9006
9040
9102
9076
9061
8928
8874
8853
8833
8776
8798
9023
9077
9103
9104
9159
9105
9041
9024
9083
9174
9217
9226
9307
9308
9362
9395
9426
9396
9372
9336
9397
9407
9435
9489
9582
9557
9590
9607
9613
9612
9651
9650
9664
9686
9649
9663
9648
9632
9631
9630
9647
9646
9662
9673
9685
9684
9683
9689
9682
9670
9659
9671
9672
9661
9645
9660
9644
9643
9628
9603
9629
9611
9610
9604
9596
9585
9597
9605
9606
9598
9586
9587
9579
9588
9599
9600
9580
9581
9589
9575
9568
9553
9539
9546
9554
9547
9540
9541
9555
9556
9569
9542
9509
9475
9462
9455
9454
9488
9530
9487
9501
9508
9529
9522
9507
9474
9453
9447
9423
9446
9452
9473
9567
9566
9552
9538
9537
9451
9433
9412
9422
9406
9388
9378
9371
9413
9434
9424
9425
9414
9278
9216
9245
9306
9335
9296
9277
9201
9191
9173
9138
9158
9200
9276
9320
9260
9244
9189
9190
9101
9100
9060
9120
9021
8988
8948
8924
8949
8897
8797
8774
8725
8642
8621
8620
8495
8447
8405
8380
8478
8477
8462
8461
8494
8460
8476
8506
8561
8617
8539
8664
8640
8588
8562
8618
8619
8641
8666
8665
8693
8724
8796
8852
8851
8987
9039
9059
9075
9119
9137
9243
9257
9258
9259
9295
9305
9334
9361
9377
9387
9421
9360
9333
9349
9332
9319
9331
9294
9275
9242
9225
9215
9199
9172
9099
9157
9156
9118
9082
9020
9074
9038
9019
8945
8920
8921
8946
8947
8922
8893
8894
8848
8829
8849
8850
8985
8986
8923
8895
8872
8896
8873
8753
8773
8795
8794
8831
8830
8752
8692
8639
8616
8615
8587
8691
8751
8663
8614
8551
8538
8446
8475
8422
8379
8325
8266
8218
8176
8119
8024
7987
7909
7910
8197
8219
8120
8148
8177
8025
7936
7891
8007
8220
8304
8381
8425
8406
8448
8526
8540
8541
8593
8592
8622
8646
8670
8728
8834
8801
8953
8954
8930
8900
8835
8623
8566
8594
8568
8567
8527
8509
8480
8465
8481
8498
8542
8510
8499
8528
8511
8512
8383
8428
8437
8429
8385
8384
8328
8307
8285
8200
8247
8246
8093
8066
8031
7964
8030
8029
7938
7937
8010
8009
8028
8092
8153
8152
8122
8091
8121
8199
8327
8306
8305
8382
8343
8326
8267
8245
8221
8151
8150
8027
7963
7962
7817
7735
7912
8064
8008
8065
8178
8149
8198
8284
8407
8427
8426
8357
8283
8026
7911
7839
7816
7762
7761
7652
7653
7545
7452
7162
7163
6995
6962
7202
7299
7422
7366
7421
7121
7159
7158
7157
7120
7039
7156
7201
7329
7298
7420
7451
7573
7619
7734
7760
7707
7419
7677
7572
7418
7488
7514
7571
7651
7785
7838
7890
7908
7907
7889
7888
7837
7706
7650
7513
7417
7297
7148
7147
7146
7110
7194
7236
7296
7450
7487
7649
7733
7815
7835
7784
7814
7813
7812
7862
7887
7886
7906
7961
7960
7986
7985
8004
8005
8061
8117
8088
8062
8063
8023
8006
7836
8089
8090
8147
8118
8175
8217
8265
8244
8243
8282
8404
8421
8445
8457
8458
8459
8493
8492
8505
8474
8491
8550
8560
8662
8750
8723
8772
8847
8828
8827
8793
8722
8721
8661
8638
8559
8522
8586
8523
8503
8504
8473
8472
8435
8420
8456
8537
8549
8558
8613
8548
8536
8521
8490
8471
8455
8444
8432
8400
8355
8418
8454
8431
8417
8399
8378
8320
8319
8238
8299
8354
8376
8377
8398
8397
8416
8415
8443
8414
8396
8395
8394
8375
8393
8318
8298
8278
8259
8260
8279
8261
8262
8237
8113
8059
8058
8085
8084
8083
8057
7980
7934
7905
7904
7903
7957
7956
7979
8002
8111
8081
8082
8112
8168
8143
8142
8236
8194
8214
8141
8109
8110
8056
8020
8080
8108
8079
8078
8140
8193
8213
8212
8235
8234
8233
8190
8191
8192
8167
8166
8165
8164
8139
8077
8055
8054
7977
7978
7901
7902
7933
7858
7807
7781
7757
7642
7673
7565
7541
7510
7482
7481
7509
7508
7480
7479
7443
7414
7389
7353
7354
7355
7320
7291
7290
7289
7288
7258
7259
7227
7189
7188
7141
7100
7101
7062
7061
7024
7025
7026
6944
6898
6899
6811
6850
6945
7027
7102
7142
7190
7260
7356
7321
7292
7261
7191
7228
7143
7229
7262
7322
7357
7358
7390
7566
7597
7511
7567
7598
7644
7643
7701
7674
7700
7728
7758
7782
7808
7831
7859
7860
7882
7832
7809
7730
7729
7703
7759
7702
7645
7618
7542
7543
7512
7445
7444
7483
7415
7360
7359
7264
7263
7063
6948
6947
6946
7028
6985
6900
6851
6753
6783
6852
6853
6812
6854
6949
6901
6855
6856
6857
6784
6785
6675
6676
6677
6714
6815
6814
6813
6950
6987
7065
6986
7064
7103
7144
7231
7230
7265
7323
7324
7325
7361
7362
7266
7232
7293
7364
7363
7484
7544
7568
7599
7675
7783
7810
7833
7884
7883
7959
7958
7981
8114
8169
8170
8171
8144
8215
8241
8240
8263
8239
8280
8300
8321
8301
8302
8322
8303
8323
8401
8402
8433
8419
8434
8403
8356
8324
8264
8281
8242
8216
8174
8115
8145
8196
8146
8087
8116
8060
7984
7935
7834
7861
7983
8003
8022
8086
8173
8195
8172
8021
7982
7885
7811
7731
7646
7647
7676
7704
7705
7732
7648
7570
7486
7449
7416
7365
7328
7295
7235
7145
7108
7071
7032
7033
7109
7072
6988
6989
6952
6859
6953
7034
6990
7149
7111
7112
7150
7113
6954
6905
6860
6786
6757
6715
6648
6585
6549
6474
6432
6356
6325
6397
6472
6473
6548
6617
6618
6646
6647
6756
6645
6471
6395
6470
6354
6216
6185
6145
6255
6355
6396
6288
6217
6035
5972
6004
5902
5819
5699
5659
5660
5633
5606
5605
5537
5507
5446
5425
5349
5291
5169
5350
5321
5261
5110
4993
4913
4824
4823
4883
4822
4771
4770
4795
4882
4821
4820
4730
4670
4669
4636
4705
4601
4566
4567
4671
4731
4672
4568
4569
4486
4485
4452
4419
4349
4315
4451
4378
4274
4314
4275
4204
4083
4036
4035
3952
4037
4038
3994
4114
4156
4157
4115
4084
3995
3830
3714
3631
3512
3632
3786
3831
3908
3953
3909
3787
3715
3587
3514
3417
3348
3347
3445
3477
3513
3586
3476
3380
3278
3241
3158
3105
2787
2741
2649
2606
2510
2465
2314
2313
2416
2562
2561
2415
2367
2277
2231
2276
2647
2739
2786
2648
2740
2839
2840
3007
3104
3157
3156
3277
3416
3444
3276
3346
3379
3415
3312
3275
3201
3103
3051
3202
3006
2944
2838
2943
2942
2837
2693
2646
2605
2560
2604
2738
2884
2941
3005
3004
3155
3200
3240
3239
3199
3154
3050
3049
3048
3153
2940
2836
2785
2737
2692
2603
2509
2464
2413
2414
2273
2312
2274
2275
2096
2097
1988
1690
1742
1782
1908
2028
2154
2095
2189
2272
2311
2230
2188
2060
2061
1987
1950
1906
1907
1871
1779
1830
1780
1781
1831
1741
1602
1551
1502
1422
1421
1459
1420
1419
1382
1338
1303
1260
1130
1179
1131
1084
1038
1037
951
750
800
847
799
698
798
797
846
796
634
567
568
635
569
439
502
636
503
504
440
637
699
700
701
751
801
903
848
904
952
953
1039
1085
1132
1133
1134
1212
1180
1261
1304
1305
1340
1339
1383
1423
1503
1504
1384
1646
1552
1505
1506
1603
1691
1692
1832
1989
2155
2156
2098
2099
2190
2157
2100
1783
1553
1386
1307
1183
1043
958
851
805
754
755
706
575
641
705
640
574
506
343
262
183
154
126
88
89
127
155
184
223
304
395
507
508
446
344
305
185
186
263
310
351
396
456
521
580
664
589
642
707
854
853
852
908
1003
1135
1184
1215
1263
1308
1342
1343
1387
1424
1507
1460
1508
1425
1388
1344
1265
1264
1185
1089
1136
1216
1266
1267
1137
1090
1044
1091
1186
1138
1092
1139
1187
1269
1270
1271
1309
1389
1347
1346
1268
1345
1426
1461
1554
1743
1604
1555
1605
1647
1693
1556
1557
1509
1694
1784
1744
1833
1951
1990
2063
2062
2159
2232
2158
2191
2278
2315
2368
2607
2742
2788
2789
2743
2694
2511
2466
2417
2369
2370
2280
2233
2279
2161
2160
2029
1909
1952
1992
1991
2030
2064
2101
2102
2192
2103
2065
2066
1910
1834
1785
1695
1696
1745
1648
1746
1606
1697
1649
1560
1464
1390
1561
1747
1835
1872
1954
2033
2032
2068
1953
2031
1995
1994
1993
2067
2104
2105
2282
2281
2372
2317
2316
2235
2234
2371
2467
2563
2650
2696
2695
2792
2791
2746
2745
2790
2948
2841
2744
2886
2947
2946
3108
3009
2885
2945
3008
3106
3107
3159
3203
3313
3446
3447
3381
3349
3478
3543
3544
3479
3314
3242
3382
3350
3315
3243
3204
3160
3109
3010
2887
2888
3110
3316
3351
3317
3279
3244
3352
3418
3448
3480
3515
3588
3636
3671
3760
3792
3718
3672
3761
3719
3673
3793
3836
3998
3997
4090
4163
4208
4318
4352
4382
4383
4457
4542
4490
4456
4422
4351
4279
4280
4317
4281
4245
4207
4161
4162
4043
4042
4041
4040
4089
3956
3872
3670
3635
3717
3791
3790
3911
3996
4088
4206
4278
4160
4119
3955
3835
3789
3759
3716
3634
3542
3633
3788
3834
3871
3833
3758
3832
3910
3954
4085
4116
4276
4379
4453
4515
4602
4570
4637
4732
4733
4772
4796
4825
4852
4884
4853
4797
4487
4277
4159
4158
4086
4039
4087
4117
4118
4205
4316
4350
4380
4420
4381
4421
4455
4454
4488
4541
4571
4673
4734
4854
4937
5025
4936
4885
4935
4934
4966
4994
4965
5049
5074
5170
5135
5229
5228
5292
5351
5478
5477
5574
5509
5508
5426
5573
5700
5739
5820
5867
5868
5939
5973
5869
5903
5940
5974
6005
6071
6289
6550
6586
6510
6475
6106
6006
6146
6256
6290
6511
6551
6357
6326
6072
5821
5701
5575
5634
5661
5538
5510
5380
5293
5230
5192
5111
5026
4938
5027
5075
5112
5193
5381
5447
5322
5262
5323
5263
5171
5078
5077
5113
5076
5050
5028
4995
4967
4826
4798
4735
4706
4674
4638
4603
4572
4489
4639
4640
4707
4604
4641
4675
4676
4736
4799
4773
4889
4888
4827
4887
4886
4996
4968
5051
5052
4997
4969
4970
5029
4939
4940
4855
4737
4642
4605
4708
4544
4517
4543
4516
4458
4386
4385
4384
4353
4246
4164
4282
4387
4209
4091
3913
4045
3873
3720
3762
3837
4044
3912
3794
3674
3545
3450
3451
3318
3282
3114
3113
3011
3054
3161
3246
3245
3281
3383
3449
3516
3481
3353
3280
3205
3111
3052
3206
3112
3053
2950
2949
2842
2697
2651
2512
2652
2564
2513
2514
2565
2608
2418
2566
2793
2698
2653
2699
2843
2951
3055
3162
3163
3115
3056
2952
2794
2747
2748
2749
2700
2654
2468
2373
2197
2107
2070
2237
2196
2195
2194
2318
2516
2515
2419
2236
2193
2106
1996
2034
2069
1997
1873
1786
1911
1836
1698
1748
1787
1788
1650
1609
1467
1393
1466
1392
1391
1563
1608
1607
1562
1465
1432
1351
1313
1274
1218
1312
1096
1048
1095
1191
1190
1273
1350
1463
1431
1462
1349
1430
1512
1559
1558
1511
1429
1428
1510
1427
1310
1272
1348
1311
1217
1141
1188
1093
1142
1189
1094
1007
962
859
914
1008
1009
963
860
812
861
862
964
965
826
820
721
602
584
649
651
670
711
761
725
666
764
824
863
1049
1143
1275
1219
1276
1314
1220
1192
1098
1051
1097
1144
1050
1011
968
864
829
865
866
917
822
827
825
762
661
655
665
729
653
588
466
471
413
470
533
601
582
727
819
828
916
967
1010
966
915
763
728
723
722
667
660
594
581
473
529
579
531
532
539
596
538
522
519
459
465
517
537
587
657
758
716
668
710
715
654
593
592
540
525
467
452
451
455
350
361
363
406
461
462
412
469
535
652
757
714
650
647
599
709
708
726
662
586
516
524
453
464
528
457
401
349
308
200
197
160
130
129
111
93
92
110
132
163
193
192
191
164
159
195
196
229
267
269
311
277
317
354
358
359
352
347
404
360
356
348
312
275
272
230
231
313
276
315
307
399
400
450
515
472
530
600
658
718
811
858
810
720
645
591
646
663
656
583
514
449
458
408
403
405
398
513
523
518
534
719
809
857
1047
1140
1046
1045
961
912
913
756
603
598
512
448
409
357
273
234
228
198
162
190
158
265
319
463
520
590
644
669
724
808
807
911
960
1006
910
856
959
1005
1004
909
855
806
659
643
585
509
407
510
527
576
577
526
411
447
511
460
454
410
578
597
717
595
536
468
402
320
346
362
353
397
355
318
314
271
264
227
194
270
226
225
268
274
316
306
345
236
201
224
232
233
266
309
235
199
157
189
161
188
165
187
156
128
60
91
90
73
72
45
15
44
43
71
59
87
109
125
86
42
41
85
108
153
221
259
442
443
341
260
182
222
261
301
393
342
302
303
394
445
444
573
572
704
803
639
753
804
850
907
906
955
956
1041
1088
1001
957
1002
1042
1182
1214
1306
1262
1385
1341
1213
1181
1087
1040
1086
1000
954
905
849
752
703
571
638
570
802
702
505
441
392
340
300
299
339
220
124
152
107
82
83
84
58
29
21
20
57
70
56
55
40
28
14
11
19
18
39
38
17
6
27
37
68
79
121
180
148
105
69
80
81
122
149
150
123
106
151
181
298
258
257
219
218
217
256
297
296
391
438
390
295
179
216
255
338
501
566
633
697
795
845
996
997
1210
1176
1128
1127
1209
1208
1257
1299
1418
1300
1258
1082
998
950
999
1083
1129
1177
1178
1211
1259
1302
1337
1301
1381
1458
1550
1601
1739
1740
1689
1645
1829
1870
1869
1868
1905
1949
1644
1501
1500
1600
1688
1827
1828
1866
1867
1948
1986
2094
2228
2229
2186
2187
2310
2508
2559
2602
2601
2645
2558
2736
2937
2938
2883
2835
2939
3047
3102
3101
3198
3238
3309
3343
3378
3540
3624
3709
3754
3666
3755
3784
3710
3785
3826
3870
3946
3904
3947
3905
3948
3993
3949
3950
3951
3906
3828
3712
3756
3827
3711
3667
3582
3583
3625
3511
3474
3413
3344
3345
3310
3311
3414
3443
3442
3584
3541
3475
3626
3627
3628
3585
3629
3630
3669
3668
3713
3757
3829
3907
4034
4033
4082
4112
4113
4244
4313
4377
4450
4348
4376
4272
4273
4203
4202
4154
4155
4081
4032
4031
4080
4111
4201
4200
4271
4312
4417
4418
4484
4514
4540
4635
4729
4964
5073
4992
5048
5109
5260
5290
5320
5348
5403
5379
5404
5476
5536
5506
5572
5604
5632
5698
5817
5971
5937
5818
5938
6034
6003
6105
6287
6353
6431
6469
6584
6509
6547
6755
6817
6858
6904
6903
7031
7234
7107
7070
7069
7068
7106
7193
7233
7447
7448
7485
7569
7446
7326
7327
7294
7267
7192
7030
6902
6951
7067
7105
7104
7066
7029
6816
6754
6678
6644
6616
6468
6352
6324
6215
6103
6104
6144
6002
5936
5970
5901
5816
5866
5815
5935
6001
6070
6184
6214
6254
6323
6394
6467
6508
6546
6674
6643
6673
6615
6583
6507
6430
6429
6351
6321
6101
6068
5968
6033
6102
6182
6285
6286
6253
6322
6213
6183
6143
6069
5998
5999
6000
5969
5900
5865
5814
5813
5864
5899
5898
5934
5863
5897
5862
5812
5811
5763
5738
5656
5601
5695
5762
5933
6032
6067
5932
5967
5997
6031
6030
6066
6181
6065
6142
6141
6211
6283
6319
6282
6281
6180
5996
5966
5930
5931
5737
5694
5566
5505
5441
5401
5375
5317
5257
5223
5164
5256
5316
5374
5440
5530
5529
5400
5472
5504
5528
5565
5600
5628
5655
5693
5761
5810
5861
5896
6064
5929
5860
5789
5736
5735
5564
5654
5692
5627
5599
5563
5598
5424
5315
5255
5221
5160
5132
5159
5158
5220
5344
5343
5314
5373
5342
5423
5471
5503
5527
5597
5596
5691
5858
5927
5926
5892
5857
5856
5787
5690
5594
5626
5595
5526
5525
5439
5422
5313
5254
5157
5131
5069
4878
4762
4720
4631
4630
4719
4788
4662
4629
4559
4475
4408
4476
4560
4699
4789
4844
4958
5045
5103
5104
5287
5222
5162
5161
5105
5163
5070
5046
4928
5019
5020
5165
5189
5224
5376
5442
5473
5531
5567
5532
5443
5568
5629
5630
5569
5533
5602
5696
5764
5657
5631
5534
5570
5444
5345
5258
5226
5225
5377
5318
5288
5133
5107
5106
4961
4930
4848
4847
4911
4989
5021
4960
4929
4791
4724
4700
4725
4701
4633
4594
4510
4534
4563
4564
4595
4511
4535
4596
4597
4703
4727
4769
4768
4793
4702
4726
4767
4792
4766
4849
4880
4931
4912
4932
5022
5023
5071
5047
4962
4881
4850
4851
4963
5024
4933
5072
5166
5227
5319
5289
5346
5378
5402
5445
5535
5603
5697
5571
5658
5475
5474
5347
5259
5190
5167
5191
5168
5134
5108
4991
4990
4819
4794
4728
4600
4565
4482
4538
4539
4483
4375
4416
4415
4481
4513
4480
4449
4512
4599
4598
4634
4704
4668
4667
4536
4537
4479
4478
4448
4413
4345
4309
4269
4270
4414
4374
4346
4152
4153
4109
3990
3991
3992
4078
4197
4198
4242
4310
4347
4311
4243
4199
4079
4110
4030
3945
3903
3869
3783
3825
3868
3944
3989
3988
4029
4151
4196
4373
4308
4241
4195
4150
4077
4027
4026
4108
4149
4194
4268
4307
4344
4372
4306
4240
4371
4447
4446
4238
4239
4193
4148
4107
4106
4021
3985
4072
4073
4074
4022
4023
4075
4076
4024
4025
3943
3866
3750
3706
3663
3749
3616
3578
3617
3579
3537
3618
3664
3707
3780
3781
3822
3867
3900
3901
3986
4028
3987
3902
3824
3782
3753
3823
3752
3751
3708
3665
3619
3620
3621
3539
3580
3622
3623
3581
3441
3412
3377
3473
3510
3538
3411
3341
3340
3307
3272
3231
3232
3233
3234
3342
3308
3235
3196
3149
3099
3197
3273
3236
3150
3151
3152
3274
3237
3100
3046
2935
2936
2882
2735
2600
2557
2507
2309
2185
2271
2366
2365
2412
2411
2308
2227
2364
2410
2363
2462
2463
2506
2556
2599
2643
2689
2690
2644
2691
2734
2934
3003
2933
2834
2881
3045
3044
3098
3148
3147
3002
2932
2784
2733
2687
2640
2688
2641
2642
2598
2555
2597
2554
2504
2505
2461
2408
2409
2362
2307
2153
2091
2092
2093
1984
1985
1865
1826
1778
1825
1864
2027
1983
2059
2058
2226
2306
2361
2407
2406
2360
2359
2358
2270
2225
2184
2152
2090
2183
2224
2502
2460
2405
2551
2552
2686
2831
2930
2879
2999
3095
3096
3000
2931
2880
2832
2782
2732
2595
2503
2553
2596
2783
2833
3001
3097
3230
3271
3305
3338
3339
3306
3410
3536
3615
3614
3662
3705
3704
3613
3661
3779
3899
3821
3820
3865
3898
3984
4020
4105
4267
4343
4192
4191
4341
4342
4412
4445
4477
4562
4593
4665
4666
4723
4765
4818
4846
4764
4722
4664
4721
4763
4879
4790
4845
4910
4988
4987
4959
4927
4909
4663
4632
4561
4509
4443
4411
4304
4370
4444
4305
4266
4190
4104
4019
4071
4147
4237
4303
4369
4410
4368
4409
4302
4236
4146
4018
3897
3819
3777
3700
3607
3659
3701
3608
3660
3609
3610
3576
3577
3531
3532
3611
3864
3941
3942
3702
3747
3534
3506
3468
3407
3469
3439
3470
3535
3612
3703
3748
3778
3507
3508
3509
3472
3471
3440
3409
3408
3270
3229
3146
3195
3304
2998
2830
2685
2684
2781
2829
2828
2929
2878
2780
2928
2997
3042
3093
3143
3228
3268
3269
3144
3094
3043
3145
3194
3438
3505
3406
3437
3533
3504
3467
3503
3466
3405
3376
3337
3265
3303
3375
3465
3374
3436
3605
3606
3746
3776
3775
3818
3863
3862
3896
3938
3982
3939
3940
3983
4070
4016
4017
4189
4235
4234
4233
4103
4069
4015
3981
3980
3979
3978
3861
3817
3774
3745
3699
3604
3575
3574
3573
3658
3698
3657
3656
3572
3502
3501
3334
3335
3370
3401
3371
3301
3263
3226
3191
3140
3264
3336
3402
3372
3403
3435
3404
3373
3302
3091
3192
3142
3040
3039
2996
2924
2925
2877
2777
2681
2923
3090
3141
3089
2995
2876
3038
3139
3037
3138
3190
3225
3300
3299
3262
3224
3189
3088
3036
2993
2992
2922
2873
2825
2729
2677
2634
2542
2495
2396
2342
2343
2297
2219
2140
2086
2019
1974
1814
1679
1722
1589
1539
1494
1444
1403
1443
1493
1588
1442
1492
1587
1586
1678
1763
1721
1628
1491
1238
1067
931
932
1110
1200
1239
1201
1158
836
779
778
685
684
739
777
683
682
616
550
424
207
686
617
371
326
327
372
328
425
480
551
481
482
373
329
285
330
374
426
483
618
552
740
781
780
882
837
782
1068
1240
1368
1367
1326
1446
1542
1541
1445
1540
1629
1680
1630
1590
1591
1631
1681
1727
1726
1818
1764
1725
1724
1723
1815
1816
1817
1894
1940
1939
1938
1893
1937
1975
2053
2142
2176
2141
2175
2264
2265
2298
2347
2346
2345
2344
2451
2496
2452
2397
2398
2453
2497
2544
2543
2590
2635
2874
2994
2875
2730
2826
2776
2679
2592
2546
2499
2455
2456
2351
2350
2300
2299
2349
2400
2454
2545
2591
2678
2636
2498
2399
2348
2266
2267
2220
2087
2054
2020
1941
1854
1895
1942
1943
1944
1855
1819
1767
1766
1765
1728
1632
1495
1447
1404
1405
1286
1327
1406
1448
1407
1328
1287
1241
1159
1111
1022
933
883
884
934
1023
1024
1070
1114
1069
1113
1112
1329
1288
1330
1449
1496
1634
1821
1946
1897
1857
1820
1768
1633
1729
1856
1896
1945
1976
2022
2055
2178
2177
2146
2145
2144
2088
2021
2143
2221
2222
2268
2269
2301
2302
2352
2401
2458
2457
2547
2680
2593
2500
2548
2402
2353
2403
2303
2304
2549
2682
2779
2778
2926
3041
3227
3193
3266
3267
3092
2927
2827
2731
2639
2594
2501
2638
2683
2637
2550
2354
2180
2179
2147
2023
1898
1769
1730
1770
1822
1731
1635
1592
1543
1771
1823
1858
1899
1977
2024
2056
2148
2149
2089
2150
2181
2223
2355
2459
2404
2356
2357
2305
2182
2151
1947
1860
1734
1735
1774
1861
1902
1979
1980
2025
2057
1981
1903
2026
1982
1904
1862
1863
1776
1775
1737
1640
1639
1686
1598
1597
1638
1736
1685
1637
1596
1548
1499
1374
1413
1375
1376
1414
1454
1549
1415
1416
1455
1378
1377
1335
1334
1252
1251
1206
1174
1173
1122
1032
991
944
945
992
993
1033
1080
1123
1081
1034
1124
1175
1253
1207
1125
1254
1255
1297
1336
1456
1599
1641
1642
1687
1777
1738
1643
1457
1417
1379
1380
1298
1256
1126
1036
995
949
902
794
749
696
565
498
436
499
437
389
500
337
214
146
178
215
147
120
104
103
78
102
119
101
100
99
77
54
26
16
13
5
2
1
4
36
53
35
52
64
65
66
67
145
213
254
294
336
388
335
387
435
564
632
497
386
292
293
212
177
118
144
117
76
75
51
63
116
142
175
143
176
211
253
291
290
334
384
494
561
628
629
562
495
385
496
563
630
631
695
747
748
793
844
948
994
901
947
1035
946
792
746
900
843
791
745
694
842
899
898
841
897
840
744
693
627
493
434
383
382
381
333
289
251
252
210
174
141
140
98
62
12
10
9
8
7
25
34
50
61
115
139
173
209
208
247
248
286
380
249
287
288
250
332
433
491
492
626
560
625
743
839
894
895
896
942
943
990
1031
1079
1078
1169
1170
1171
1172
1205
1296
1295
1250
1294
1333
1293
1292
1249
1248
1247
1168
1167
1166
1121
1120
1246
1373
1372
1411
1498
1545
1546
1636
1683
1594
1412
1453
1547
1595
1684
1773
1859
1901
1772
1733
1824
1900
1978
1732
1682
1593
1544
1497
1452
1371
1332
1245
1204
1165
1118
1119
1075
1026
1027
1076
1077
1030
989
941
893
988
1029
1028
987
892
940
790
838
939
986
985
938
891
890
742
789
788
787
786
887
888
889
937
983
984
1072
1116
1117
1073
1074
1164
1203
1244
1291
1243
1331
1370
1410
1409
1451
1408
1450
1369
1289
1290
1242
1202
1163
1162
1161
1160
1115
1071
1025
982
981
936
935
886
885
785
689
690
624
691
692
559
432
623
431
490
622
558
557
489
379
488
688
784
556
487
378
331
430
555
621
620
687
741
783
619
554
553
484
375
376
427
428
485
486
429
377
172
24
49
3
0
74
114
48
33
32
47
23
22
31
30
46
138
206
246
370
284
283
245
170
171
137
136
135
169
244
168
113
97
96
95
94
112
134
479
614
681
881
834
775
776
738
478
423
369
422
324
325
282
243
242
205
241
167
133
131
204
240
239
203
238
477
323
202
166
237
281
322
367
368
421
420
366
419
476
545
546
547
676
734
771
877
832
770
769
831
876
875
976
928
733
768
675
609
544
475
365
280
279
278
364
418
417
543
608
732
607
416
321
415
606
605
542
414
541
474
671
1060
604
672
730
830
765
731
673
674
766
767
927
1107
1199
1061
1154
1155
1156
1018
977
1062
1063
978
878
1019
979
1108
929
833
879
772
736
735
610
677
737
611
678
679
773
774
680
548
612
613
880
1064
1109
615
549
835
1020
1021
980
1324
1235
1236
1285
1237
1157
930
1065
1066
1325
1538
2395
2450
2492
2540
2493
2494
2541
2676
2728
2775
2991
3603
3773
4404
4300
4301
4231
4187
4013
3859
3816
3743
3744
3860
4014
4144
4102
4145
4188
4265
4367
4407
4232
4406
4405
4558
4592
4627
4591
4590
4589
4760
4877
4925
4817
4761
4718
4661
4696
4787
4697
4628
4508
4698
4908
4926
4986
4907
4985
5068
5155
5188
5156
5253
5312
5341
5102
5044
4957
5018
5066
5067
5219
5286
5252
5311
5371
5372
5438
5562
5524
5470
5469
5502
5733
5734
5786
5855
5891
5995
6027
6028
6176
6138
6177
6178
6139
6208
6279
6387
6422
6347
6251
6315
6458
6540
6502
6607
6710
6747
6806
6639
6576
6501
6500
6386
6421
6457
6385
6346
6278
6207
6137
6026
5994
5890
5854
5807
5785
5760
5732
5689
5853
5889
5925
6025
6136
6099
6135
6206
6250
6277
6276
6314
6383
6499
6538
6384
6420
6539
6606
6575
6668
6709
6708
6934
6980
7404
7436
7403
7535
7591
7636
7557
7694
7536
7437
7438
7405
7347
7346
7252
7253
7254
7255
7282
7256
7093
7053
7137
7180
7092
6935
6886
6839
6840
6807
6748
6608
6577
6541
6578
6669
6808
6887
6776
6888
6749
6609
6503
6459
6423
6348
6316
6280
6179
6209
6349
6388
6389
6424
6542
6711
6670
6777
6778
6809
6842
6841
6889
6936
7019
7018
7017
7181
7222
7221
7220
7219
7096
7095
7138
7094
7054
7218
7257
7284
7283
7315
7384
7408
7407
7383
7406
7439
7592
7504
7473
7385
7316
7317
7386
7409
7348
7440
7410
7318
7223
7224
7182
7055
7020
6843
6712
6671
6390
6350
6317
6063
5965
5895
5894
5964
6029
5893
5808
5788
5809
5859
5928
6100
6140
6210
6252
6318
6391
6425
6610
6750
6779
6844
6937
6981
7021
7056
7139
7183
7184
6983
6938
6982
6891
6890
6780
6751
6713
6640
6460
6504
6543
6461
6392
6393
6462
6505
6544
6579
6611
6672
6781
6845
6892
6893
6846
6894
6939
6847
6810
6848
6940
6895
6752
6612
6580
6506
6464
6463
6426
6320
6212
6284
6427
6465
6466
6428
6641
6613
6581
6545
6582
6614
6642
6782
6849
6897
6943
6942
6896
6941
6984
7099
7226
7319
7287
7187
7060
7059
7098
7225
7186
7185
7097
7023
7022
7058
7057
7140
7286
7352
7388
7351
7387
7412
7413
7478
7506
7562
7563
7564
7507
7540
7594
7595
7596
7617
7641
7640
7672
7671
7699
7670
7727
7756
7726
7755
7780
7806
7805
7779
7804
7830
7829
7857
7856
7855
7899
7900
7932
7931
7955
7930
7881
7854
7880
7853
7802
7752
7753
7722
7803
7776
7723
7724
7754
7777
7778
7725
7697
7698
7669
7668
7667
7666
7696
7665
7639
7638
7616
7539
7477
7442
7285
7350
7349
7411
7441
7474
7505
7558
7593
7614
7695
7721
7637
7615
7559
7537
7475
7476
7538
7561
7560
7775
7801
7800
7878
7879
7898
7928
7953
7929
7954
8001
7976
8017
8050
8076
8138
8051
8018
8019
8052
8053
8107
8187
8188
8189
8211
8342
8369
8350
8317
8294
8277
8295
8351
8370
8371
8391
8372
8296
8297
8352
8368
8392
8373
8353
8374
9905
9945
9973
9965
10004
10017
9991
10005
9974
9992
10006
9975
9966
9976
9977
9967
9968
9946
9958
9947
9940
9933
9916
9917
9918
9896
9884
9906
9907
9908
9897
9909
9919
9885
9876
9886
9910
9920
9981
9982
10045
10079
10128
10101
10135
10134
10133
10127
10113
10121
10148
10112
10105
10091
10069
10059
10058
10033
10027
10026
10007
9995
9980
9979
9994
9978
9993
10018
10037
10078
10090
10077
10076
10068
10032
10016
10015
10003
9972
10002
10044
10057
10065
10075
10100
10160
10164
10147
10119
10089
10120
10141
10140
10178
10212
10237
10224
10223
10232
10222
10204
10193
10177
10192
10211
10221
10236
10239
10247
10248
10258
10267
10268
10276
10296
10327
10348
10345
10346
10349
10350
10355
10373
10395
10399
10400
10410
10432
10434
10445
10409
10405
10439
10476
10504
10520
10516
10522
10532
10541
10545
10540
10547
10552
10549
10557
10560
10566
10574
10565
10570
10579
10582
10581
10580
10587
10583
10584
10585
10571
10572
10577
10573
10567
10564
10561
10558
10539
10524
10500
10490
10491
10492
10469
10451
10446
10494
10495
10440
10424
10363
10358
10337
10328
10313
10314
10291
10292
10279
10270
10269
10254
10241
10240
10217
10194
10213
10233
10172
10262
10297
10321
10329
10330
10368
10401
10430
10452
10460
10479
10488
10528
10512
10472
10461
10454
10441
10447
10448
10449
10473
10463
10464
10513
10517
10521
10530
10538
10543
10537
10536
10533
10548
10542
10551
10575
10563
10553
10569
10576
10559
10568
10554
10555
10562
10556
10535
10529
10525
10523
10515
10499
10493
10486
10425
10450
10470
10475
10478
10480
10481
10482
10483
10487
10489
10505
10506
10507
10508
10518
10519
10534
10546
10544
10550
10578
10586
10588
10589
10590
10592
10593
10608
10611
10616
10614
10617
10609
10606
10602
10598
10597
10607
10612
10603
10591
10596
10601
10613
10615
10619
10621
10622
10625
10626
10629
10630
10636
10633
10634
10632
10631
10628
10627
10624
10635
10637
10638
10618
10623
10620
10610
10605
10600
10599
10604
10594
10595
10531
10527
10428
10423
10422
10438
10457
10458
10456
10455
10511
10471
10468
10467
10510
10459
10397
10372
10319
10295
10301
10285
10300
10310
10309
10308
10326
10335
10336
10340
10325
10318
10299
10307
10306
10305
10316
10317
10334
10333
10343
10332
10324
10304
10294
10289
10288
10339
10347
10357
10351
10352
10359
10371
10370
10374
10380
10384
10385
10381
10375
10382
10386
10390
10396
10398
10403
10407
10416
10415
10414
10421
10426
10427
10429
10431
10433
10453
10444
10462
10437
10419
10413
10379
10331
10315
10265
10255
10256
10257
10253
10243
10252
10251
10238
10235
10230
10229
10228
10182
10083
10084
10156
10157
10167
10158
10168
10174
10218
10231
10282
10283
10284
10311
10320
10353
10354
10360
10361
10362
10365
10387
10388
10418
10417
10408
10404
10376
10344
10312
10278
10290
10302
10266
10246
10196
10195
10153
10170
10176
10189
10190
10216
10203
10197
10185
10191
10220
10154
10145
10146
10151
10099
10081
10064
10118
10111
10073
10074
10025
10014
10001
9964
10024
10056
10031
9939
9963
10000
10023
10055
10062
10063
10088
10110
10117
10126
10125
10124
10132
10159
10163
10162
10144
10139
10138
10109
10143
10150
10116
10097
10096
10067
10012
9961
9883
9894
9895
9904
9922
9931
9932
9914
9923
9956
10071
10072
10098
10087
10061
10041
10042
10043
10036
10013
9990
9962
9957
9924
9915
9874
9875
9858
9845
9815
9801
9787
9711
9668
9655
9641
9624
9625
9626
9627
9595
9656
9680
9642
9669
9707
9725
9741
9760
9688
9657
9658
9681
9609
9405
9330
9348
9241
9240
9187
9136
9186
9213
9304
9347
9376
9432
9445
9472
9444
9394
9386
9393
9370
9359
9239
9238
9293
9303
9291
9292
9274
9273
9272
9256
9197
9237
9255
9289
9290
9318
9358
9369
9329
9271
9288
9236
9170
9073
9057
8983
9056
9072
9135
9183
9254
9287
9317
9316
9270
9346
9357
9328
9302
9286
9301
9345
9402
9401
9400
9419
9392
9356
9355
9384
9443
9460
9496
9497
9573
9482
9465
9409
9385
9368
9375
9420
9410
9403
9404
9411
9467
9483
9468
9484
9469
9470
9485
9486
9498
9461
9471
9499
9500
9521
9565
9574
9551
9564
9520
9578
9594
9623
9706
9757
9758
9759
9740
9810
9800
9793
9756
9776
9755
9775
9754
9667
9593
9536
9528
9527
9466
9519
9550
9622
9679
9724
9774
9832
9857
9853
9831
9830
9829
9821
9828
9844
9838
9786
9773
9678
9640
9639
9638
9677
9723
9814
9860
9873
9881
9938
9903
9882
9856
9837
9913
9955
9944
9930
9960
10011
10035
10040
10108
10115
10123
10131
10169
10149
10107
10104
10060
10022
10039
10086
10095
10142
10184
10219
10245
10275
10274
10286
10244
10210
10183
10175
10137
10130
10103
10085
10054
10034
10021
9929
10053
10052
9954
9943
9937
9912
9902
9851
9852
9843
9836
9835
9809
9804
9803
9792
9722
9739
9785
9813
9753
9752
9808
9812
9871
9872
9892
9901
9893
9971
10010
10030
10029
10028
9999
9989
9942
9953
9988
9970
9998
9987
9986
9969
9952
9941
9936
9935
9927
9921
9928
9900
9891
9880
9870
9842
9820
9819
9827
9826
9807
9802
9791
9784
9772
9771
9783
9850
9855
9869
9899
9890
9879
9868
9864
9867
9951
9950
9959
9985
9984
10049
10050
10051
10070
10114
10106
10102
10161
10166
10188
10202
10201
10200
10209
10208
10199
10198
10207
10215
10206
10165
10173
10181
10214
10227
10226
10171
10234
10273
10287
10303
10338
10342
10356
10394
10442
10466
10498
10503
10526
10509
10501
10502
10497
10496
10485
10484
10477
10514
10474
10465
10443
10435
10436
10412
10393
10281
10242
10187
10205
10261
10272
10277
10264
10260
10263
10250
10249
10259
10271
10280
10298
10323
10364
10367
10369
10389
10411
10402
10378
10383
10392
10391
10377
10406
10420
10366
10322
10341
10293
10225
10180
10186
10179
10155
10136
10152
10080
10046
10092
10066
10082
10093
10129
10122
10094
10047
10048
10038
10020
10009
9934
9889
9863
9841
9898
9840
9824
9888
9878
9983
9997
10019
10008
9996
9949
9948
9925
9911
9861
9862
9865
9866
9854
9846
9839
9822
9877
9926
9887
9847
9823
9817
9816
9811
9806
9805
9794
9777
9742
9726
9727
9712
9697
9698
9708
9713
9728
9761
9743
9714
9729
9730
9731
9744
9732
9715
9716
9717
9745
9762
9778
9788
9795
9763
9764
9746
9733
9608
9635
9634
9633
9570
9558
9548
9559
9531
9583
9576
9560
9524
9510
9523
9448
9438
9408
9398
9437
9415
9436
9427
9363
9337
9261
9310
9350
9351
9416
9379
9389
9399
9321
9322
9297
9192
9203
9219
9228
9246
9262
9043
9064
9086
9106
9122
9029
8992
9009
8974
8901
8877
8779
8804
8780
8856
8857
8931
8932
8975
8993
9045
9044
9140
9161
9141
9193
9204
9263
9280
9298
9311
9323
9338
9373
9417
9439
9449
9457
9456
9525
9511
9549
9591
9690
9699
9747
9734
9765
9796
9797
9798
9825
9833
9834
9848
9859
9849
9818
9799
9782
9767
9768
9769
9748
9749
9770
9718
9674
9675
9691
9701
9709
9735
9719
9750
9736
9720
9702
9692
9703
9737
9751
9738
9721
9704
9693
9687
9676
9636
9665
9666
9653
9616
9615
9592
9584
9561
9602
9532
9533
9544
9534
9545
9505
9459
9479
9506
9480
9450
9481
9517
9535
9562
9571
9617
9618
9619
9694
9695
9705
9710
9696
9654
9637
9621
9620
9577
9572
9563
9526
9518
9495
9431
9442
9430
9429
9418
9383
9366
9324
9342
9353
9352
9382
9441
9458
9464
9463
9478
9477
9494
9493
9516
9504
9492
9390
9380
9381
9391
9267
9249
9250
9208
9162
9144
9109
9091
9090
9108
9107
9125
9143
9176
9231
9230
9207
9048
9031
9010
9049
9065
9050
9032
9033
8905
8735
8698
8734
8572
8599
8697
8733
8760
8784
8783
8862
8806
8838
8805
8782
8732
8696
8781
8861
8879
8860
8859
8878
8935
8957
9089
9088
9078
9087
9205
9206
9229
9266
9341
9340
9339
9364
9365
9476
9491
9490
9503
9502
9515
9514
9766
9781
9780
9790
9789
9779
9700
9652
9601
9614
9543
9512
9513
9428
9440
9374
9248
9247
9265
9264
9175
9142
9123
9124
9046
9047
9030
8976
8933
8934
8902
8903
8904
8858
8837
8836
8759
8731
8598
8597
8626
8649
8625
8648
8513
8501
8450
8451
8440
8409
8360
8361
8362
8387
8410
8334
8344
8411
8345
8337
8336
8335
8250
8249
8157
8128
8098
8070
8039
8158
8205
8206
8273
8274
8311
8288
8251
8225
8159
8160
8129
8042
7991
8041
7971
8040
8099
8071
7970
7947
7990
7946
7917
7868
7820
7739
7712
7604
7549
7548
7523
7495
7462
7369
7370
7271
7128
7000
7080
7241
7303
7270
7368
7522
7521
7581
7582
7627
7738
7788
7867
7916
7945
7969
7968
7989
8097
8156
8204
8272
8271
8333
8310
8332
8270
8203
8331
8309
8330
8287
8248
8269
8223
8224
8095
8035
8011
7942
7892
7943
7913
7966
7988
8036
8068
8037
8069
8127
8202
8155
8096
8038
7967
7914
7944
7915
7866
7893
7842
7737
7685
7625
7626
7580
7428
7127
7041
6965
6917
6764
6765
6870
6999
6871
6793
6685
6622
6558
6405
6406
6686
6623
6650
6624
6687
6794
6966
7081
7167
7272
7304
7273
7168
7042
7043
6823
6795
6652
6651
6688
6625
6442
6363
6480
6443
6522
6481
6591
6592
6523
6482
6444
6364
6226
6080
6040
6155
6225
6224
6115
6261
6114
6039
6188
6079
6038
6012
5945
5771
5670
5579
5544
5431
5454
5487
5545
5546
5613
5830
5907
5877
5981
5831
5772
5709
5640
5580
5710
5746
5878
5773
5581
5641
5946
6041
6013
5832
5833
5794
5908
6116
6156
6227
6365
6333
6299
6157
6117
6014
5947
5834
5909
5835
5643
5548
5515
5549
5712
5836
5910
6042
6119
6158
6189
6082
6015
6081
6118
6228
6262
6407
6524
6334
6525
6559
6653
6826
6827
6654
6408
6483
6690
6691
6692
6876
6875
6874
6796
6873
7003
7173
7209
7084
7174
7245
7306
7337
7501
7430
7500
7530
7606
7632
7529
7470
7528
7584
7605
7715
7792
7687
7499
7467
7395
7468
7469
7336
7373
7274
7083
7172
7208
7171
7207
7305
7335
7372
7429
7466
7527
7552
7631
7630
7629
7714
7791
7770
7746
7846
7872
7993
7972
7949
7894
7871
7845
7870
7919
7844
7822
7790
7745
7744
7628
7551
7496
7497
7526
7498
7334
7394
7244
7206
7002
6968
6872
6766
6689
6825
6967
7044
6824
6918
7001
7170
7333
7371
7243
7205
7082
7169
7242
7332
7525
7465
7524
7550
7464
7463
7583
7656
7740
7768
7821
7789
7741
7713
7742
7686
7657
7743
7769
7843
7869
7918
7948
8043
8072
8100
8044
8130
7992
8045
8101
8181
8254
8339
8338
8312
8253
8161
8180
8207
8252
8275
8289
8346
8364
8363
8430
8442
8441
8452
8484
8485
8467
8468
8486
8573
8600
8672
8650
8673
8627
8651
8674
8699
8736
8700
8675
8701
8807
8839
8881
8880
8907
8908
8909
8937
8962
8961
8980
8995
8994
8960
8979
8978
8959
8906
8936
8958
8977
9011
9066
9051
9079
9110
9126
9145
9111
9092
9080
9093
9112
9127
9146
9147
9094
9128
9113
9114
9149
9165
9148
9164
9163
9209
9251
9252
9281
9299
9300
9343
9354
9367
9344
9325
9326
9327
9314
9313
9312
9282
9220
9210
9194
9177
9129
9095
9068
8997
9012
9035
9067
9034
8996
8963
8964
8808
8761
8702
8676
8601
8574
8531
8412
8347
8208
8102
8103
8348
8365
8487
8577
8604
8576
8575
8603
8630
8679
8706
8737
8738
8739
8763
8816
8817
8764
8741
8740
8707
8680
8708
8709
8654
8631
8605
8578
8681
8710
8742
8765
8842
8888
8914
8939
8982
8913
8967
8966
8981
8965
8912
8885
8886
8887
8841
8815
8814
8813
8812
8705
8811
8884
8911
8910
8883
8762
8678
8653
8602
8532
8555
8629
8628
8652
8677
8704
8703
8785
8809
8786
8810
8840
8863
8864
8865
8882
8938
8999
8998
9013
9069
9070
9096
9178
9232
9268
9269
9283
9284
9315
9285
9253
9233
9221
9196
9179
9166
9211
9195
9131
9130
9115
9097
9071
9052
9053
9054
9036
9055
9037
9014
9015
9098
9133
9132
9150
9167
9168
9180
9222
9234
9235
9223
9224
9212
9182
9153
9169
9181
9151
9134
9152
9081
9016
9000
8968
8940
8941
8915
8867
8820
8866
8889
8843
8819
8818
8766
8743
8711
8712
8682
8744
8767
8821
8844
8868
8787
8745
8683
8656
8684
8768
8713
8685
8633
8608
8634
8582
8609
8657
8686
8714
8747
8746
8822
8869
8969
9001
8788
8769
8789
8790
8715
8535
8517
8516
8546
8515
8514
8534
8581
8607
8606
8655
8632
8580
8556
8579
8533
8469
8453
8488
8545
8366
8388
8349
8340
8290
8313
8314
8291
8315
8255
8209
8183
8134
8228
8256
8276
8292
8341
8367
8389
8518
8519
8547
8635
8717
8716
8687
8824
8916
8823
8845
8942
8984
9002
9017
9018
9154
9184
9185
9171
9155
9116
9117
8917
8825
8748
8718
8688
8826
8870
8890
8943
9003
8944
8871
8770
8719
8720
8557
8520
8470
8390
8316
8230
8229
8185
8184
8258
8293
8257
8162
8136
8013
8012
8047
8135
8104
8046
8075
7994
7995
7950
7996
7997
7998
7951
7896
7873
7874
7825
7796
7749
7658
7553
7432
7342
7377
7309
7310
7090
6971
6799
6734
6659
6697
6593
6631
6565
6566
6487
6411
6564
6630
6767
6696
6658
6563
6486
6450
6337
6562
6485
6449
6410
6448
6371
6302
6264
6265
6232
6233
6161
6050
6087
6051
6052
6018
6053
6123
6162
6234
6266
6267
6303
6268
6338
6451
6488
6595
6594
6632
6660
6698
6800
6830
6924
7009
6925
6926
6801
6802
6768
6735
6736
6633
6567
6412
6339
6304
6164
6057
6056
6090
6089
6055
6192
6191
6236
6235
6163
6124
6088
6054
6019
5983
5954
5839
5840
5955
5841
5842
5798
5675
5619
5587
5552
5553
5554
5645
5646
5676
5718
5719
5588
5753
5752
5751
5843
5914
6091
6092
6165
6193
6237
6238
6305
6269
6125
6126
6166
6167
6127
5984
6020
5985
6058
6021
5986
5987
5956
5915
5885
5916
5801
5845
5846
5802
5803
5804
5755
5720
5649
5557
5621
5679
5648
5462
5499
5394
5335
5336
5362
5337
5363
5395
5558
5650
5680
5722
5721
5756
5848
5887
5847
5886
5988
6022
6093
6307
6374
6341
6272
6273
6239
6169
6196
6240
6241
6242
6197
6170
6059
5989
5849
5850
5917
5918
6023
6129
6130
6171
6308
6342
6414
6571
6492
6529
6528
6491
6570
6599
6598
6490
6569
6568
6597
6452
6453
6373
6271
6195
6168
6128
6194
6340
6306
6270
6372
6413
6489
6527
6596
6661
6770
6738
6737
6769
6831
6927
7047
6972
7135
7011
6832
6928
6833
7048
7049
6973
6739
6740
6741
6699
6662
6600
6601
6634
6663
6602
6664
6743
6742
6803
6834
6880
6931