6
9
4
1 2
1 6
3 2
3 5
4 2
4 6
2 5
2 6
5 6


199
9922
35
2 1
3 2
5 2
5 4
6 1
6 2
7 1
7 3
7 4
8 1
8 2
8 3
8 6
8 7
9 2
9 3
9 5
9 7
10 2
10 3
10 4
10 6
10 7
10 9
11 1
11 3
11 9
12 2
12 3
12 4
12 5
12 6
12 8
12 10
12 11
13 1
13 2
13 4
13 5
13 7
13 8
13 9
13 10
13 11
13 12
14 1
14 2
14 4
14 5
14 6
14 8
14 10
15 1
15 3
15 8
15 9
15 10
15 11
15 12
15 13
16 3
16 4
16 7
16 8
16 10
16 11
16 12
16 14
16 15
17 4
17 5
17 6
17 7
17 11
17 13
17 15
17 16
18 4
18 7
18 8
18 9
18 14
18 16
18 17
19 2
19 6
19 7
19 12
19 18
20 1
20 2
20 3
20 4
20 10
20 12
20 13
20 14
21 2
21 7
21 10
21 11
21 12
21 13
21 14
21 16
21 17
21 18
22 1
22 2
22 7
22 8
22 11
22 13
22 14
22 16
22 17
22 18
23 1
23 2
23 3
23 4
23 5
23 7
23 8
23 10
23 11
23 12
23 13
23 14
23 17
23 18
23 21
24 1
24 2
24 3
24 5
24 6
24 8
24 10
24 12
24 15
24 18
24 20
24 21
25 4
25 5
25 8
25 9
25 11
25 16
25 17
25 19
25 21
25 23
26 2
26 3
26 5
26 7
26 9
26 13
26 16
26 17
26 19
26 20
26 22
26 23
26 25
27 2
27 5
27 7
27 9
27 11
27 13
27 18
27 19
27 20
27 21
28 1
28 2
28 4
28 6
28 7
28 10
28 13
28 14
28 15
28 17
28 18
28 19
28 20
28 21
28 23
28 24
28 25
28 26
28 27
29 2
29 4
29 6
29 7
29 8
29 9
29 10
29 12
29 17
29 18
29 22
29 25
29 26
29 27
29 28
30 1
30 2
30 4
30 5
30 6
30 7
30 9
30 10
30 11
30 13
30 17
30 19
30 20
31 1
31 6
31 7
31 11
31 12
31 13
31 14
31 17
31 18
31 19
31 21
31 29
32 2
32 3
32 4
32 5
32 13
32 14
32 15
32 17
32 18
32 21
32 23
32 30
33 1
33 2
33 5
33 7
33 12
33 13
33 14
33 15
33 19
33 22
33 24
33 25
33 28
33 31
34 3
34 4
34 6
34 7
34 8
34 11
34 12
34 14
34 15
34 18
34 19
34 20
34 21
34 24
34 27
34 29
34 30
35 2
35 4
35 8
35 10
35 14
35 17
35 18
35 19
35 22
35 24
35 25
35 26
35 27
35 28
35 29
35 30
35 31
35 33
35 34
36 2
36 3
36 5
36 6
36 8
36 9
36 11
36 13
36 15
36 17
36 18
36 20
36 21
36 22
36 24
36 26
36 30
36 34
36 35
37 2
37 4
37 5
37 7
37 9
37 10
37 11
37 14
37 18
37 19
37 20
37 21
37 22
37 23
37 25
37 26
37 27
37 28
37 29
37 33
37 35
38 4
38 5
38 7
38 8
38 10
38 12
38 16
38 17
38 18
38 19
38 20
38 21
38 29
38 30
38 31
39 4
39 5
39 6
39 9
39 10
39 12
39 14
39 16
39 19
39 22
39 24
39 26
39 27
39 31
39 32
39 33
39 34
39 35
39 36
40 1
40 3
40 5
40 6
40 7
40 10
40 11
40 12
40 14
40 16
40 17
40 18
40 21
40 25
40 26
40 27
40 30
40 31
40 32
40 33
40 34
40 36
41 1
41 2
41 6
41 8
41 11
41 13
41 14
41 15
41 16
41 21
41 22
41 23
41 24
41 25
41 26
41 27
41 30
41 31
41 32
41 34
41 35
41 36
41 37
41 40
42 1
42 2
42 4
42 5
42 7
42 9
42 12
42 14
42 16
42 17
42 18
42 19
42 20
42 24
42 25
42 26
42 28
42 30
42 31
42 33
42 34
42 36
42 39
42 40
43 1
43 5
43 6
43 7
43 8
43 10
43 11
43 12
43 14
43 16
43 20
43 22
43 25
43 27
43 30
43 32
43 34
43 35
43 36
43 38
43 41
44 3
44 4
44 5
44 7
44 8
44 9
44 11
44 12
44 14
44 16
44 18
44 19
44 21
44 28
44 29
44 33
44 35
44 36
44 38
44 39
44 40
44 41
44 42
44 43
45 1
45 2
45 7
45 8
45 9
45 10
45 11
45 12
45 13
45 18
45 19
45 21
45 24
45 27
45 28
45 30
45 32
45 33
45 39
45 41
45 42
45 43
45 44
46 2
46 3
46 4
46 5
46 8
46 9
46 11
46 13
46 14
46 15
46 16
46 17
46 20
46 22
46 23
46 24
46 26
46 28
46 29
46 31
46 32
46 33
46 34
46 35
46 38
46 40
46 41
46 42
46 45
47 1
47 2
47 4
47 6
47 8
47 9
47 12
47 15
47 16
47 18
47 21
47 22
47 24
47 26
47 27
47 29
47 30
47 32
47 33
47 36
47 38
47 40
47 41
47 42
47 43
47 45
47 46
48 2
48 5
48 7
48 8
48 11
48 14
48 16
48 17
48 18
48 19
48 20
48 21
48 22
48 23
48 24
48 25
48 27
48 28
48 29
48 30
48 32
48 34
48 35
48 37
48 39
48 40
48 41
48 42
48 43
48 45
49 1
49 2
49 3
49 4
49 9
49 11
49 12
49 13
49 15
49 19
49 21
49 22
49 23
49 26
49 27
49 31
49 32
49 34
49 36
49 37
49 38
49 40
49 42
49 46
50 1
50 3
50 6
50 8
50 9
50 11
50 12
50 13
50 16
50 19
50 20
50 25
50 31
50 32
50 33
50 34
50 37
50 38
50 39
50 41
50 43
50 44
50 46
50 47
51 1
51 4
51 5
51 7
51 8
51 11
51 16
51 21
51 23
51 24
51 30
51 31
51 33
51 36
51 37
51 39
51 40
51 41
51 42
51 44
51 45
51 47
51 48
51 50
52 3
52 4
52 5
52 9
52 15
52 18
52 24
52 26
52 30
52 32
52 33
52 35
52 37
52 38
52 40
52 41
52 42
52 43
52 45
52 46
52 47
53 3
53 4
53 5
53 6
53 9
53 11
53 12
53 13
53 14
53 15
53 16
53 19
53 20
53 21
53 22
53 24
53 29
53 33
53 34
53 36
53 37
53 38
53 39
53 43
53 44
53 47
53 51
53 52
54 3
54 5
54 6
54 7
54 8
54 9
54 11
54 16
54 17
54 18
54 19
54 21
54 22
54 23
54 24
54 26
54 27
54 28
54 35
54 37
54 38
54 39
54 41
54 42
54 43
54 45
54 48
54 50
54 51
54 52
54 53
55 1
55 2
55 3
55 5
55 7
55 8
55 9
55 15
55 19
55 20
55 25
55 28
55 29
55 30
55 37
55 38
55 41
55 46
55 49
55 51
55 52
55 53
56 3
56 9
56 10
56 12
56 13
56 15
56 16
56 24
56 26
56 27
56 28
56 33
56 35
56 37
56 38
56 40
56 42
56 43
56 45
56 46
56 47
56 48
56 49
56 50
56 52
56 53
56 54
56 55
57 4
57 7
57 9
57 11
57 13
57 15
57 16
57 18
57 19
57 28
57 31
57 34
57 35
57 36
57 41
57 42
57 44
57 45
57 47
57 48
57 49
57 50
57 51
57 52
57 56
58 3
58 5
58 6
58 12
58 13
58 14
58 16
58 17
58 19
58 23
58 25
58 30
58 33
58 36
58 37
58 39
58 40
58 41
58 42
58 43
58 44
58 45
58 48
58 51
58 54
58 56
59 3
59 4
59 5
59 9
59 11
59 13
59 14
59 16
59 17
59 20
59 22
59 25
59 29
59 30
59 31
59 33
59 35
59 37
59 39
59 40
59 41
59 42
59 44
59 45
59 46
59 47
59 48
59 53
59 54
59 58
60 1
60 2
60 3
60 5
60 6
60 12
60 13
60 15
60 16
60 17
60 18
60 19
60 20
60 25
60 27
60 29
60 31
60 32
60 36
60 37
60 39
60 42
60 43
60 44
60 46
60 48
61 2
61 7
61 9
61 10
61 11
61 14
61 17
61 18
61 19
61 20
61 21
61 23
61 29
61 30
61 31
61 37
61 38
61 41
61 42
61 45
61 47
61 48
61 49
61 50
61 52
61 53
61 59
61 60
62 1
62 4
62 5
62 6
62 7
62 9
62 11
62 13
62 14
62 17
62 18
62 21
62 22
62 24
62 25
62 26
62 27
62 28
62 30
62 31
62 32
62 33
62 34
62 38
62 39
62 40
62 42
62 43
62 44
62 51
62 53
62 54
62 56
62 58
62 59
63 1
63 2
63 3
63 4
63 5
63 9
63 11
63 13
63 14
63 15
63 17
63 18
63 20
63 21
63 22
63 23
63 25
63 26
63 27
63 28
63 30
63 31
63 33
63 34
63 40
63 42
63 43
63 44
63 45
63 46
63 50
63 52
63 53
63 54
63 57
63 58
63 59
63 60
63 62
64 3
64 5
64 9
64 10
64 11
64 12
64 13
64 14
64 16
64 17
64 19
64 23
64 24
64 27
64 29
64 30
64 31
64 32
64 35
64 36
64 38
64 39
64 43
64 45
64 46
64 51
64 52
64 53
64 54
65 8
65 14
65 18
65 19
65 20
65 21
65 22
65 24
65 27
65 28
65 29
65 30
65 31
65 32
65 36
65 37
65 44
65 45
65 47
65 49
65 53
65 55
65 56
65 58
65 62
66 1
66 5
66 6
66 7
66 10
66 11
66 12
66 15
66 16
66 18
66 22
66 28
66 30
66 31
66 33
66 34
66 35
66 37
66 39
66 41
66 44
66 49
66 50
66 51
66 52
66 56
66 57
66 62
66 64
67 1
67 2
67 3
67 4
67 8
67 10
67 13
67 15
67 16
67 17
67 20
67 21
67 22
67 26
67 29
67 32
67 33
67 34
67 35
67 37
67 41
67 42
67 43
67 44
67 45
67 47
67 49
67 51
67 52
67 54
67 56
67 57
67 58
67 60
67 61
67 65
67 66
68 2
68 4
68 7
68 10
68 11
68 12
68 13
68 15
68 20
68 21
68 22
68 24
68 25
68 26
68 29
68 30
68 31
68 36
68 37
68 38
68 42
68 43
68 46
68 49
68 56
68 60
68 63
68 65
69 1
69 2
69 3
69 4
69 5
69 11
69 13
69 15
69 16
69 18
69 19
69 21
69 22
69 23
69 24
69 30
69 33
69 36
69 37
69 38
69 39
69 40
69 41
69 42
69 43
69 45
69 47
69 48
69 50
69 51
69 52
69 53
69 54
69 55
69 56
69 60
69 61
69 63
69 64
69 65
69 66
69 68
70 1
70 2
70 3
70 5
70 6
70 7
70 8
70 10
70 11
70 13
70 14
70 15
70 18
70 21
70 24
70 26
70 30
70 31
70 32
70 38
70 40
70 44
70 47
70 50
70 53
70 54
70 55
70 58
70 59
70 62
70 63
70 66
71 1
71 2
71 3
71 4
71 5
71 7
71 8
71 9
71 11
71 12
71 14
71 15
71 16
71 19
71 21
71 23
71 24
71 25
71 31
71 32
71 35
71 37
71 40
71 41
71 42
71 43
71 44
71 47
71 49
71 50
71 51
71 52
71 54
71 55
71 59
71 61
71 63
71 65
71 66
71 67
71 69
71 70
72 1
72 6
72 7
72 9
72 13
72 15
72 16
72 17
72 19
72 21
72 22
72 23
72 29
72 30
72 32
72 40
72 43
72 45
72 46
72 48
72 49
72 50
72 52
72 54
72 57
72 60
72 64
72 67
73 2
73 3
73 5
73 6
73 8
73 9
73 11
73 13
73 14
73 15
73 23
73 25
73 26
73 28
73 31
73 32
73 33
73 34
73 35
73 37
73 38
73 40
73 41
73 42
73 43
73 46
73 47
73 48
73 49
73 53
73 55
73 57
73 60
73 64
73 65
73 67
73 68
73 69
73 70
73 71
73 72
74 1
74 3
74 5
74 7
74 10
74 11
74 13
74 14
74 16
74 17
74 21
74 23
74 25
74 26
74 27
74 29
74 31
74 32
74 36
74 37
74 38
74 39
74 40
74 41
74 46
74 48
74 49
74 52
74 55
74 56
74 57
74 59
74 60
74 64
74 67
74 68
74 69
75 2
75 3
75 4
75 9
75 14
75 15
75 17
75 18
75 22
75 27
75 28
75 30
75 34
75 36
75 38
75 39
75 41
75 42
75 46
75 47
75 49
75 50
75 51
75 52
75 54
75 55
75 56
75 57
75 62
75 63
75 64
75 68
75 70
75 71
75 74
76 1
76 3
76 5
76 6
76 7
76 8
76 11
76 13
76 14
76 15
76 16
76 17
76 18
76 19
76 20
76 22
76 23
76 24
76 25
76 26
76 28
76 34
76 35
76 36
76 37
76 40
76 41
76 42
76 43
76 44
76 45
76 46
76 47
76 48
76 49
76 51
76 52
76 53
76 54
76 56
76 57
76 59
76 62
76 65
76 66
76 69
76 72
76 75
77 2
77 5
77 6
77 8
77 14
77 15
77 18
77 26
77 28
77 29
77 30
77 31
77 34
77 38
77 40
77 43
77 44
77 45
77 50
77 52
77 53
77 54
77 57
77 61
77 62
77 63
77 68
77 69
77 70
77 73
78 1
78 3
78 5
78 8
78 10
78 11
78 12
78 14
78 15
78 16
78 17
78 18
78 19
78 20
78 21
78 23
78 24
78 25
78 26
78 27
78 28
78 30
78 32
78 33
78 35
78 36
78 37
78 39
78 40
78 41
78 46
78 48
78 50
78 51
78 53
78 55
78 56
78 59
78 60
78 62
78 63
78 64
78 67
78 69
78 70
79 2
79 8
79 9
79 10
79 11
79 12
79 13
79 14
79 15
79 16
79 17
79 19
79 20
79 21
79 22
79 25
79 26
79 30
79 31
79 33
79 34
79 36
79 37
79 38
79 41
79 42
79 43
79 45
79 47
79 51
79 53
79 57
79 59
79 62
79 64
79 68
79 71
79 78
80 4
80 5
80 12
80 13
80 16
80 17
80 18
80 19
80 22
80 23
80 30
80 31
80 32
80 35
80 36
80 37
80 43
80 44
80 48
80 49
80 50
80 51
80 54
80 57
80 59
80 60
80 63
80 67
80 68
80 70
80 71
80 72
80 73
80 74
80 75
80 78
81 2
81 4
81 5
81 7
81 8
81 10
81 11
81 13
81 16
81 20
81 21
81 23
81 26
81 27
81 28
81 29
81 30
81 31
81 32
81 34
81 44
81 45
81 46
81 49
81 52
81 53
81 56
81 62
81 64
81 68
81 70
81 71
81 72
81 73
81 74
81 76
81 79
81 80
82 2
82 7
82 9
82 10
82 11
82 12
82 13
82 17
82 18
82 21
82 22
82 23
82 24
82 26
82 30
82 31
82 32
82 33
82 35
82 39
82 40
82 43
82 45
82 46
82 47
82 48
82 50
82 51
82 52
82 55
82 57
82 58
82 59
82 61
82 62
82 67
82 70
82 71
82 72
82 73
82 74
82 75
82 76
82 77
82 78
82 80
83 1
83 2
83 5
83 9
83 10
83 13
83 16
83 17
83 18
83 19
83 21
83 23
83 24
83 25
83 26
83 27
83 28
83 29
83 34
83 36
83 37
83 39
83 41
83 42
83 43
83 44
83 46
83 47
83 51
83 55
83 58
83 65
83 66
83 67
83 69
83 70
83 72
83 74
83 75
83 78
83 79
84 3
84 5
84 7
84 8
84 10
84 12
84 14
84 15
84 18
84 19
84 20
84 23
84 24
84 25
84 26
84 27
84 28
84 33
84 37
84 38
84 40
84 42
84 50
84 52
84 53
84 57
84 59
84 61
84 62
84 63
84 67
84 68
84 72
84 74
84 75
84 76
84 77
84 80
84 82
84 83
85 1
85 3
85 4
85 5
85 6
85 7
85 8
85 11
85 12
85 14
85 15
85 16
85 17
85 18
85 21
85 23
85 24
85 26
85 31
85 32
85 33
85 36
85 37
85 38
85 39
85 40
85 41
85 42
85 44
85 49
85 53
85 54
85 55
85 57
85 61
85 62
85 65
85 68
85 70
85 71
85 75
85 77
85 78
85 79
85 80
85 82
86 2
86 3
86 6
86 7
86 8
86 16
86 18
86 22
86 23
86 27
86 31
86 32
86 33
86 34
86 35
86 37
86 38
86 42
86 44
86 48
86 49
86 50
86 51
86 53
86 55
86 56
86 57
86 59
86 62
86 64
86 65
86 67
86 68
86 71
86 72
86 73
86 74
86 75
86 78
86 79
86 80
86 84
86 85
87 2
87 3
87 4
87 6
87 9
87 10
87 12
87 13
87 15
87 16
87 17
87 20
87 21
87 22
87 25
87 27
87 28
87 29
87 32
87 34
87 37
87 38
87 39
87 41
87 43
87 44
87 45
87 48
87 50
87 51
87 52
87 53
87 55
87 56
87 63
87 64
87 66
87 72
87 74
87 79
87 83
87 84
87 85
87 86
88 3
88 4
88 5
88 6
88 8
88 9
88 10
88 12
88 14
88 16
88 18
88 21
88 22
88 23
88 24
88 26
88 27
88 29
88 33
88 34
88 36
88 37
88 38
88 42
88 46
88 47
88 48
88 49
88 51
88 52
88 54
88 56
88 58
88 59
88 60
88 63
88 64
88 65
88 68
88 69
88 71
88 72
88 73
88 75
88 76
88 77
88 78
88 79
88 80
88 81
88 82
88 83
88 84
89 2
89 4
89 5
89 10
89 12
89 14
89 15
89 17
89 18
89 20
89 26
89 31
89 34
89 36
89 38
89 39
89 40
89 41
89 42
89 48
89 49
89 56
89 57
89 60
89 62
89 64
89 67
89 68
89 69
89 73
89 74
89 76
89 77
89 78
89 80
89 81
89 82
89 84
89 86
89 88
90 2
90 4
90 6
90 9
90 11
90 12
90 14
90 15
90 17
90 18
90 21
90 23
90 30
90 35
90 38
90 41
90 43
90 47
90 48
90 50
90 51
90 52
90 53
90 54
90 56
90 57
90 58
90 63
90 65
90 66
90 67
90 68
90 71
90 74
90 75
90 76
90 79
90 80
90 83
90 84
90 85
90 88
90 89
91 3
91 5
91 9
91 10
91 14
91 15
91 18
91 22
91 23
91 28
91 29
91 30
91 35
91 38
91 40
91 41
91 43
91 49
91 54
91 56
91 57
91 59
91 60
91 62
91 64
91 67
91 68
91 70
91 72
91 74
91 75
91 76
91 77
91 79
91 82
91 88
91 89
91 90
92 1
92 2
92 5
92 7
92 8
92 9
92 10
92 12
92 13
92 14
92 15
92 18
92 19
92 21
92 23
92 24
92 26
92 28
92 34
92 39
92 42
92 44
92 45
92 47
92 48
92 49
92 50
92 51
92 53
92 54
92 57
92 59
92 60
92 61
92 63
92 65
92 66
92 68
92 69
92 71
92 75
92 79
92 80
92 81
92 84
92 90
93 1
93 3
93 4
93 5
93 6
93 7
93 10
93 14
93 15
93 16
93 17
93 19
93 20
93 21
93 22
93 23
93 24
93 26
93 27
93 29
93 30
93 31
93 32
93 33
93 34
93 35
93 38
93 40
93 42
93 44
93 48
93 49
93 51
93 52
93 54
93 55
93 57
93 58
93 59
93 61
93 62
93 64
93 65
93 66
93 72
93 73
93 74
93 77
93 78
93 80
93 81
93 86
93 89
93 91
94 3
94 4
94 8
94 9
94 10
94 12
94 13
94 17
94 20
94 24
94 26
94 27
94 29
94 30
94 31
94 32
94 33
94 34
94 36
94 38
94 39
94 40
94 43
94 44
94 45
94 47
94 48
94 49
94 50
94 53
94 55
94 56
94 59
94 61
94 62
94 63
94 69
94 70
94 76
94 80
94 82
94 84
94 86
94 89
94 91
94 92
94 93
95 1
95 3
95 4
95 8
95 10
95 12
95 13
95 14
95 15
95 19
95 20
95 21
95 22
95 28
95 31
95 35
95 37
95 40
95 41
95 42
95 43
95 45
95 46
95 48
95 49
95 50
95 52
95 53
95 54
95 55
95 56
95 64
95 65
95 67
95 68
95 70
95 74
95 75
95 81
95 82
95 84
95 85
95 89
95 90
95 91
95 93
95 94
96 1
96 2
96 3
96 4
96 5
96 6
96 7
96 8
96 9
96 10
96 14
96 15
96 21
96 22
96 24
96 28
96 29
96 30
96 31
96 33
96 36
96 38
96 40
96 41
96 44
96 46
96 48
96 49
96 50
96 53
96 55
96 57
96 58
96 59
96 60
96 64
96 68
96 69
96 70
96 72
96 74
96 75
96 78
96 79
96 81
96 83
96 86
96 90
96 94
96 95
97 6
97 7
97 8
97 10
97 12
97 13
97 14
97 16
97 18
97 20
97 21
97 23
97 25
97 27
97 28
97 30
97 31
97 32
97 34
97 37
97 38
97 40
97 44
97 47
97 51
97 52
97 57
97 58
97 59
97 62
97 63
97 67
97 70
97 71
97 72
97 75
97 76
97 77
97 81
97 85
97 86
97 87
97 88
97 89
97 90
97 93
97 95
98 1
98 7
98 8
98 10
98 11
98 13
98 16
98 17
98 19
98 20
98 22
98 23
98 24
98 25
98 27
98 32
98 33
98 34
98 37
98 40
98 41
98 42
98 44
98 47
98 49
98 51
98 55
98 57
98 58
98 62
98 69
98 71
98 72
98 73
98 74
98 75
98 77
98 78
98 79
98 82
98 83
98 86
98 87
98 92
98 93
98 94
98 95
98 96
98 97
99 1
99 3
99 4
99 5
99 7
99 8
99 12
99 13
99 14
99 15
99 16
99 17
99 20
99 21
99 22
99 23
99 26
99 29
99 33
99 35
99 36
99 38
99 39
99 40
99 42
99 44
99 45
99 46
99 47
99 48
99 49
99 51
99 52
99 55
99 57
99 58
99 60
99 62
99 65
99 66
99 69
99 70
99 74
99 75
99 80
99 87
99 88
99 89
99 90
99 91
99 92
99 94
100 2
100 5
100 7
100 8
100 9
100 10
100 11
100 12
100 13
100 14
100 18
100 23
100 24
100 25
100 26
100 28
100 34
100 36
100 37
100 38
100 41
100 44
100 46
100 47
100 48
100 49
100 51
100 52
100 54
100 56
100 58
100 61
100 62
100 64
100 70
100 71
100 72
100 73
100 74
100 75
100 77
100 79
100 81
100 84
100 88
100 94
100 95
100 96
101 1
101 2
101 5
101 6
101 7
101 8
101 9
101 12
101 16
101 19
101 20
101 23
101 24
101 25
101 30
101 31
101 32
101 33
101 34
101 35
101 36
101 38
101 40
101 41
101 43
101 44
101 48
101 50
101 51
101 53
101 54
101 55
101 56
101 58
101 59
101 61
101 62
101 63
101 64
101 66
101 67
101 70
101 72
101 79
101 81
101 82
101 84
101 86
101 91
101 94
101 95
101 97
101 98
101 99
101 100
102 2
102 3
102 4
102 9
102 11
102 12
102 13
102 14
102 16
102 17
102 19
102 20
102 21
102 24
102 25
102 27
102 30
102 32
102 33
102 34
102 35
102 36
102 37
102 38
102 40
102 41
102 43
102 44
102 50
102 52
102 53
102 54
102 58
102 62
102 64
102 65
102 66
102 70
102 72
102 75
102 79
102 80
102 81
102 83
102 86
102 93
102 94
102 95
102 99
103 1
103 2
103 4
103 5
103 7
103 8
103 9
103 18
103 19
103 20
103 24
103 29
103 30
103 31
103 32
103 37
103 38
103 40
103 41
103 44
103 46
103 49
103 50
103 54
103 55
103 57
103 59
103 60
103 61
103 67
103 68
103 77
103 78
103 79
103 81
103 84
103 85
103 86
103 89
103 92
103 93
103 94
103 96
103 97
103 98
103 99
103 101
104 4
104 6
104 7
104 8
104 9
104 11
104 12
104 13
104 14
104 15
104 16
104 20
104 21
104 24
104 25
104 26
104 27
104 28
104 30
104 31
104 33
104 34
104 35
104 36
104 40
104 41
104 42
104 44
104 45
104 47
104 48
104 49
104 50
104 51
104 53
104 55
104 56
104 59
104 60
104 61
104 67
104 68
104 69
104 70
104 71
104 72
104 73
104 74
104 75
104 79
104 80
104 82
104 86
104 87
104 91
104 92
104 97
104 98
104 102
104 103
105 1
105 4
105 6
105 7
105 8
105 9
105 10
105 12
105 14
105 20
105 21
105 24
105 25
105 27
105 28
105 29
105 33
105 35
105 37
105 39
105 47
105 48
105 49
105 50
105 52
105 54
105 55
105 57
105 59
105 60
105 63
105 65
105 66
105 67
105 71
105 72
105 73
105 74
105 75
105 76
105 77
105 79
105 81
105 83
105 84
105 86
105 87
105 88
105 89
105 92
105 94
105 95
105 96
105 101
105 104
106 7
106 8
106 10
106 11
106 15
106 16
106 18
106 19
106 20
106 21
106 22
106 23
106 24
106 25
106 27
106 28
106 29
106 30
106 31
106 32
106 36
106 38
106 42
106 44
106 45
106 52
106 57
106 58
106 60
106 62
106 65
106 67
106 70
106 71
106 72
106 73
106 74
106 75
106 76
106 78
106 82
106 84
106 85
106 86
106 93
106 96
106 97
106 100
106 103
107 3
107 8
107 9
107 12
107 13
107 14
107 17
107 18
107 20
107 22
107 27
107 31
107 32
107 36
107 37
107 39
107 41
107 43
107 46
107 47
107 48
107 49
107 50
107 51
107 52
107 54
107 55
107 59
107 60
107 62
107 63
107 68
107 70
107 71
107 72
107 76
107 80
107 81
107 84
107 85
107 86
107 90
107 91
107 92
107 93
107 94
107 96
107 97
107 100
107 101
107 104
107 105
108 3
108 4
108 8
108 10
108 11
108 12
108 13
108 16
108 17
108 18
108 19
108 20
108 23
108 27
108 29
108 32
108 33
108 35
108 37
108 38
108 39
108 42
108 47
108 48
108 52
108 54
108 57
108 59
108 62
108 64
108 65
108 67
108 69
108 71
108 75
108 76
108 78
108 79
108 84
108 89
108 91
108 94
108 97
108 98
108 100
108 101
108 103
108 106
109 1
109 2
109 3
109 5
109 6
109 14
109 15
109 17
109 21
109 23
109 25
109 27
109 29
109 32
109 33
109 34
109 37
109 38
109 39
109 41
109 44
109 45
109 47
109 49
109 53
109 55
109 57
109 61
109 62
109 63
109 64
109 68
109 72
109 73
109 74
109 75
109 77
109 79
109 80
109 83
109 84
109 86
109 87
109 90
109 91
109 92
109 93
109 94
109 95
109 97
109 99
109 100
109 102
109 105
109 106
109 107
110 2
110 4
110 5
110 8
110 9
110 10
110 11
110 13
110 14
110 18
110 19
110 23
110 25
110 27
110 29
110 30
110 31
110 32
110 33
110 34
110 38
110 40
110 43
110 44
110 46
110 53
110 54
110 56
110 64
110 65
110 66
110 67
110 69
110 70
110 72
110 79
110 81
110 82
110 83
110 89
110 91
110 94
110 95
110 98
110 100
110 102
110 104
111 2
111 3
111 6
111 7
111 8
111 10
111 13
111 14
111 15
111 16
111 17
111 18
111 19
111 21
111 25
111 27
111 28
111 29
111 30
111 32
111 34
111 36
111 39
111 42
111 45
111 46
111 48
111 49
111 50
111 51
111 55
111 57
111 60
111 61
111 63
111 64
111 65
111 66
111 68
111 70
111 71
111 72
111 73
111 75
111 76
111 78
111 79
111 80
111 83
111 86
111 87
111 89
111 92
111 96
111 97
111 98
111 100
111 105
111 107
112 5
112 6
112 7
112 11
112 14
112 15
112 16
112 19
112 20
112 21
112 24
112 26
112 28
112 31
112 39
112 40
112 46
112 48
112 50
112 52
112 53
112 56
112 57
112 61
112 62
112 63
112 64
112 68
112 69
112 71
112 73
112 74
112 75
112 76
112 78
112 83
112 84
112 85
112 86
112 87
112 90
112 93
112 94
112 97
112 99
112 101
112 102
112 104
112 105
112 106
112 107
112 108
112 109
112 110
113 1
113 2
113 3
113 4
113 7
113 9
113 12
113 18
113 19
113 20
113 22
113 23
113 24
113 27
113 28
113 29
113 31
113 32
113 33
113 35
113 38
113 40
113 41
113 43
113 51
113 58
113 59
113 61
113 62
113 63
113 67
113 70
113 71
113 73
113 74
113 75
113 76
113 77
113 78
113 79
113 82
113 84
113 85
113 86
113 90
113 92
113 93
113 95
113 96
113 98
113 103
113 104
113 108
113 109
113 110
113 111
113 112
114 1
114 6
114 7
114 11
114 16
114 17
114 18
114 22
114 25
114 26
114 28
114 30
114 31
114 32
114 34
114 36
114 37
114 38
114 39
114 40
114 41
114 42
114 45
114 46
114 47
114 50
114 51
114 53
114 55
114 56
114 57
114 59
114 60
114 61
114 62
114 63
114 64
114 65
114 68
114 72
114 74
114 77
114 78
114 79
114 80
114 81
114 85
114 87
114 89
114 91
114 92
114 93
114 94
114 97
114 98
114 100
114 101
114 102
114 103
114 104
114 108
114 109
114 110
114 113
115 1
115 13
115 14
115 18
115 20
115 21
115 28
115 29
115 30
115 33
115 34
115 35
115 36
115 37
115 40
115 41
115 43
115 44
115 47
115 51
115 52
115 53
115 55
115 57
115 60
115 61
115 62
115 63
115 64
115 65
115 68
115 69
115 70
115 71
115 74
115 75
115 77
115 78
115 81
115 83
115 84
115 85
115 87
115 89
115 92
115 93
115 96
115 97
115 98
115 99
115 102
115 103
115 105
115 106
115 107
115 108
115 109
115 110
115 111
115 112
115 114
116 1
116 3
116 4
116 5
116 9
116 11
116 14
116 16
116 18
116 19
116 20
116 26
116 29
116 30
116 31
116 38
116 40
116 43
116 45
116 47
116 50
116 52
116 53
116 54
116 57
116 61
116 62
116 64
116 65
116 69
116 70
116 72
116 73
116 75
116 76
116 78
116 80
116 82
116 83
116 86
116 94
116 95
116 97
116 98
116 103
116 104
116 105
116 106
116 107
116 109
116 110
116 112
116 113
116 114
116 115
117 2
117 7
117 8
117 13
117 17
117 18
117 19
117 20
117 26
117 31
117 32
117 33
117 34
117 35
117 37
117 39
117 40
117 44
117 47
117 48
117 49
117 50
117 51
117 52
117 55
117 56
117 59
117 61
117 62
117 67
117 68
117 69
117 70
117 71
117 73
117 75
117 76
117 78
117 79
117 81
117 82
117 84
117 87
117 88
117 89
117 90
117 93
117 94
117 96
117 97
117 98
117 100
117 102
117 104
117 105
117 106
117 110
117 112
117 113
117 115
118 1
118 2
118 3
118 4
118 8
118 9
118 10
118 11
118 13
118 15
118 17
118 18
118 19
118 22
118 24
118 25
118 27
118 30
118 31
118 32
118 33
118 34
118 35
118 37
118 39
118 42
118 43
118 46
118 47
118 48
118 53
118 54
118 56
118 57
118 59
118 60
118 63
118 64
118 65
118 67
118 68
118 69
118 71
118 72
118 74
118 75
118 76
118 77
118 78
118 84
118 85
118 86
118 89
118 91
118 92
118 95
118 96
118 97
118 98
118 100
118 103
118 104
118 105
118 107
118 110
118 111
118 114
118 116
118 117
119 1
119 6
119 7
119 10
119 13
119 16
119 17
119 18
119 20
119 21
119 22
119 24
119 25
119 28
119 29
119 33
119 35
119 36
119 42
119 45
119 50
119 51
119 52
119 54
119 55
119 56
119 57
119 59
119 60
119 61
119 62
119 66
119 67
119 69
119 70
119 71
119 73
119 74
119 76
119 78
119 86
119 87
119 88
119 90
119 94
119 95
119 96
119 97
119 98
119 100
119 102
119 103
119 104
119 105
119 107
119 108
119 113
119 114
119 115
119 117
119 118
120 1
120 6
120 11
120 13
120 14
120 15
120 16
120 18
120 19
120 20
120 26
120 27
120 28
120 33
120 34
120 37
120 42
120 44
120 45
120 46
120 49
120 50
120 51
120 52
120 55
120 57
120 58
120 61
120 62
120 64
120 69
120 71
120 72
120 75
120 78
120 79
120 86
120 88
120 92
120 96
120 99
120 100
120 101
120 102
120 103
120 104
120 105
120 107
120 111
121 7
121 9
121 12
121 14
121 15
121 16
121 18
121 21
121 23
121 24
121 25
121 26
121 28
121 30
121 33
121 37
121 41
121 43
121 46
121 50
121 51
121 53
121 56
121 58
121 61
121 62
121 65
121 67
121 71
121 72
121 73
121 78
121 79
121 80
121 84
121 85
121 92
121 95
121 97
121 103
121 105
121 106
121 107
121 108
121 110
121 112
121 113
121 116
121 117
121 119
121 120
122 3
122 6
122 7
122 9
122 13
122 14
122 19
122 20
122 22
122 26
122 27
122 29
122 32
122 34
122 36
122 38
122 41
122 43
122 44
122 47
122 48
122 49
122 50
122 51
122 53
122 56
122 57
122 58
122 61
122 62
122 64
122 65
122 66
122 67
122 68
122 69
122 72
122 73
122 74
122 75
122 76
122 77
122 78
122 81
122 82
122 83
122 86
122 87
122 88
122 89
122 92
122 93
122 95
122 97
122 101
122 102
122 103
122 109
122 110
122 112
122 114
122 115
122 116
122 117
122 118
122 119
123 1
123 3
123 5
123 6
123 7
123 9
123 11
123 12
123 16
123 22
123 23
123 25
123 26
123 29
123 30
123 32
123 39
123 40
123 41
123 42
123 44
123 47
123 48
123 50
123 51
123 52
123 55
123 56
123 59
123 63
123 65
123 67
123 68
123 71
123 76
123 77
123 80
123 83
123 84
123 85
123 86
123 90
123 91
123 93
123 94
123 98
123 100
123 102
123 104
123 107
123 109
123 111
123 113
123 114
123 116
123 117
123 118
123 122
124 1
124 2
124 4
124 5
124 7
124 8
124 9
124 10
124 11
124 15
124 17
124 21
124 22
124 23
124 25
124 28
124 29
124 30
124 31
124 32
124 33
124 37
124 40
124 51
124 52
124 53
124 55
124 58
124 63
124 66
124 67
124 70
124 72
124 73
124 74
124 76
124 77
124 79
124 80
124 82
124 85
124 86
124 87
124 88
124 90
124 91
124 92
124 94
124 96
124 100
124 102
124 104
124 108
124 109
124 111
124 113
124 115
124 116
124 117
124 118
124 120
124 121
124 123
125 1
125 2
125 3
125 5
125 6
125 11
125 12
125 17
125 18
125 21
125 23
125 24
125 25
125 27
125 28
125 29
125 34
125 36
125 37
125 39
125 42
125 45
125 46
125 47
125 49
125 57
125 58
125 59
125 60
125 61
125 67
125 68
125 70
125 71
125 72
125 74
125 76
125 83
125 84
125 85
125 86
125 87
125 90
125 91
125 93
125 97
125 98
125 99
125 100
125 101
125 104
125 105
125 106
125 108
125 110
125 111
125 112
125 113
125 114
125 117
125 120
125 121
125 123
126 1
126 2
126 3
126 4
126 5
126 6
126 8
126 9
126 11
126 12
126 14
126 18
126 21
126 24
126 25
126 26
126 31
126 38
126 41
126 42
126 43
126 47
126 49
126 50
126 53
126 54
126 57
126 60
126 62
126 63
126 68
126 71
126 72
126 73
126 76
126 77
126 78
126 79
126 80
126 85
126 86
126 87
126 88
126 91
126 95
126 97
126 99
126 102
126 103
126 104
126 105
126 107
126 108
126 111
126 113
126 114
126 115
126 118
126 121
126 122
126 124
127 1
127 2
127 3
127 11
127 13
127 14
127 15
127 16
127 18
127 20
127 22
127 24
127 25
127 27
127 29
127 32
127 33
127 34
127 35
127 37
127 39
127 43
127 46
127 48
127 49
127 50
127 52
127 53
127 57
127 58
127 59
127 62
127 64
127 65
127 66
127 68
127 69
127 71
127 74
127 75
127 77
127 79
127 82
127 83
127 85
127 86
127 88
127 89
127 90
127 91
127 93
127 95
127 98
127 99
127 100
127 102
127 103
127 108
127 109
127 110
127 111
127 114
127 116
127 117
127 118
127 119
127 121
127 123
127 124
127 125
128 4
128 6
128 7
128 9
128 10
128 11
128 12
128 14
128 15
128 16
128 17
128 19
128 20
128 22
128 23
128 26
128 28
128 32
128 34
128 35
128 37
128 38
128 39
128 42
128 45
128 46
128 47
128 48
128 49
128 50
128 51
128 54
128 55
128 56
128 57
128 58
128 62
128 63
128 64
128 66
128 67
128 69
128 70
128 71
128 73
128 75
128 76
128 77
128 78
128 81
128 84
128 85
128 88
128 90
128 93
128 94
128 98
128 102
128 104
128 106
128 107
128 108
128 109
128 110
128 111
128 112
128 115
128 116
128 118
128 119
128 122
128 123
128 125
128 126
128 127
129 1
129 3
129 5
129 8
129 9
129 10
129 15
129 17
129 19
129 20
129 22
129 23
129 25
129 27
129 29
129 36
129 38
129 39
129 43
129 44
129 45
129 46
129 49
129 52
129 53
129 60
129 64
129 65
129 66
129 69
129 72
129 74
129 76
129 77
129 78
129 80
129 81
129 82
129 84
129 86
129 87
129 88
129 90
129 92
129 94
129 96
129 97
129 98
129 100
129 101
129 102
129 104
129 108
129 110
129 111
129 112
129 116
129 118
129 119
129 120
129 121
129 123
129 124
129 125
129 126
129 128
130 3
130 4
130 5
130 6
130 7
130 8
130 10
130 16
130 17
130 21
130 22
130 24
130 25
130 29
130 31
130 33
130 36
130 37
130 42
130 43
130 44
130 45
130 46
130 48
130 49
130 51
130 53
130 55
130 58
130 59
130 60
130 62
130 64
130 71
130 72
130 73
130 74
130 76
130 77
130 79
130 80
130 81
130 84
130 85
130 86
130 92
130 94
130 95
130 96
130 97
130 98
130 99
130 102
130 105
130 109
130 113
130 114
130 115
130 117
130 120
130 121
130 122
130 123
130 125
130 127
130 128
131 1
131 3
131 8
131 12
131 13
131 14
131 15
131 16
131 17
131 19
131 21
131 25
131 26
131 27
131 28
131 29
131 31
131 33
131 38
131 40
131 41
131 44
131 45
131 46
131 49
131 50
131 51
131 53
131 55
131 56
131 60
131 62
131 64
131 68
131 70
131 71
131 73
131 74
131 78
131 80
131 81
131 84
131 86
131 89
131 91
131 92
131 94
131 95
131 97
131 98
131 100
131 102
131 103
131 107
131 108
131 109
131 110
131 113
131 115
131 117
131 120
131 121
131 122
131 123
131 124
131 125
131 127
131 128
132 1
132 3
132 6
132 7
132 8
132 12
132 16
132 17
132 20
132 23
132 24
132 26
132 27
132 30
132 32
132 33
132 34
132 35
132 38
132 40
132 42
132 43
132 44
132 45
132 46
132 49
132 50
132 52
132 53
132 56
132 58
132 59
132 60
132 64
132 65
132 67
132 68
132 70
132 71
132 79
132 80
132 81
132 89
132 92
132 96
132 97
132 98
132 99
132 100
132 103
132 105
132 106
132 107
132 113
132 114
132 117
132 121
132 122
132 125
132 126
132 127
132 128
133 1
133 5
133 6
133 7
133 8
133 9
133 11
133 13
133 14
133 15
133 19
133 21
133 22
133 23
133 25
133 33
133 34
133 35
133 39
133 40
133 41
133 42
133 47
133 48
133 50
133 51
133 55
133 56
133 58
133 61
133 62
133 63
133 65
133 66
133 67
133 68
133 69
133 74
133 76
133 77
133 80
133 81
133 82
133 84
133 85
133 88
133 89
133 92
133 93
133 94
133 96
133 98
133 99
133 100
133 102
133 103
133 104
133 105
133 107
133 109
133 111
133 112
133 113
133 116
133 117
133 118
133 119
133 120
133 122
133 124
133 125
133 126
133 129
133 132
134 1
134 3
134 5
134 10
134 13
134 14
134 16
134 19
134 22
134 29
134 30
134 31
134 33
134 35
134 39
134 40
134 42
134 52
134 53
134 54
134 57
134 59
134 63
134 65
134 66
134 67
134 68
134 69
134 70
134 74
134 75
134 76
134 78
134 80
134 81
134 84
134 86
134 87
134 88
134 89
134 95
134 96
134 98
134 100
134 102
134 104
134 110
134 111
134 115
134 117
134 120
134 123
134 124
134 128
134 133
135 1
135 2
135 3
135 7
135 8
135 9
135 10
135 15
135 17
135 19
135 20
135 22
135 24
135 29
135 32
135 34
135 35
135 37
135 38
135 41
135 44
135 49
135 50
135 51
135 52
135 54
135 55
135 56
135 57
135 58
135 60
135 61
135 62
135 63
135 64
135 65
135 69
135 70
135 71
135 74
135 75
135 76
135 77
135 79
135 80
135 84
135 86
135 87
135 88
135 89
135 90
135 92
135 95
135 96
135 99
135 101
135 104
135 105
135 109
135 110
135 111
135 115
135 116
135 118
135 125
135 126
135 127
135 128
135 129
135 133
136 1
136 2
136 3
136 5
136 6
136 7
136 8
136 9
136 10
136 11
136 13
136 20
136 24
136 25
136 26
136 31
136 32
136 35
136 39
136 40
136 43
136 44
136 47
136 48
136 51
136 55
136 56
136 57
136 60
136 62
136 69
136 72
136 73
136 76
136 77
136 78
136 85
136 86
136 96
136 100
136 103
136 104
136 106
136 108
136 109
136 110
136 111
136 112
136 116
136 118
136 119
136 123
136 127
136 129
136 131
136 133
136 134
136 135
137 2
137 6
137 7
137 8
137 9
137 10
137 15
137 16
137 18
137 23
137 30
137 31
137 33
137 35
137 36
137 42
137 43
137 47
137 48
137 51
137 53
137 54
137 56
137 57
137 59
137 63
137 65
137 66
137 70
137 71
137 73
137 74
137 76
137 77
137 79
137 81
137 82
137 83
137 84
137 86
137 87
137 88
137 89
137 91
137 93
137 94
137 95
137 96
137 97
137 98
137 101
137 104
137 111
137 112
137 113
137 115
137 117
137 118
137 119
137 120
137 121
137 122
137 125
137 126
137 128
137 129
137 132
137 133
138 1
138 2
138 4
138 5
138 6
138 7
138 8
138 11
138 12
138 14
138 15
138 16
138 17
138 18
138 21
138 22
138 24
138 25
138 27
138 29
138 30
138 31
138 32
138 34
138 35
138 37
138 39
138 43
138 44
138 46
138 48
138 49
138 53
138 54
138 56
138 58
138 61
138 64
138 66
138 67
138 69
138 70
138 72
138 73
138 75
138 76
138 77
138 79
138 81
138 84
138 85
138 86
138 87
138 88
138 89
138 91
138 92
138 94
138 96
138 97
138 98
138 99
138 100
138 101
138 102
138 109
138 111
138 112
138 117
138 121
138 123
138 125
138 132
138 135
138 136
139 1
139 4
139 6
139 7
139 9
139 10
139 11
139 12
139 13
139 14
139 17
139 19
139 20
139 23
139 27
139 28
139 29
139 32
139 36
139 37
139 40
139 42
139 44
139 47
139 48
139 49
139 53
139 55
139 56
139 57
139 58
139 59
139 65
139 70
139 72
139 73
139 74
139 76
139 77
139 82
139 84
139 85
139 90
139 92
139 93
139 95
139 96
139 97
139 107
139 109
139 111
139 112
139 113
139 115
139 117
139 118
139 120
139 121
139 123
139 125
139 126
139 127
139 130
139 132
139 135
139 138
140 2
140 5
140 8
140 10
140 15
140 18
140 19
140 20
140 22
140 25
140 31
140 35
140 37
140 38
140 39
140 43
140 45
140 46
140 48
140 49
140 52
140 53
140 54
140 56
140 58
140 59
140 60
140 61
140 63
140 66
140 67
140 68
140 70
140 72
140 75
140 78
140 81
140 86
140 88
140 89
140 94
140 96
140 100
140 102
140 104
140 107
140 108
140 111
140 112
140 113
140 116
140 117
140 118
140 124
140 125
140 126
140 127
140 128
140 130
140 132
140 133
140 135
140 137
140 139
141 1
141 3
141 4
141 11
141 14
141 15
141 16
141 17
141 22
141 23
141 27
141 33
141 35
141 39
141 43
141 47
141 53
141 54
141 56
141 58
141 60
141 64
141 67
141 68
141 70
141 74
141 75
141 76
141 80
141 88
141 89
141 91
141 92
141 93
141 95
141 97
141 98
141 99
141 103
141 104
141 106
141 107
141 108
141 111
141 112
141 114
141 115
141 116
141 117
141 124
141 126
141 128
141 129
141 130
141 131
141 133
141 135
141 136
141 137
141 138
141 139
142 4
142 9
142 10
142 11
142 12
142 13
142 15
142 18
142 21
142 22
142 25
142 27
142 28
142 29
142 31
142 33
142 35
142 38
142 40
142 41
142 47
142 48
142 49
142 51
142 52
142 55
142 56
142 57
142 58
142 62
142 66
142 68
142 72
142 74
142 76
142 78
142 81
142 83
142 85
142 86
142 87
142 98
142 99
142 101
142 104
142 106
142 107
142 108
142 115
142 117
142 119
142 120
142 121
142 125
142 127
142 130
142 131
142 132
142 135
142 138
142 139
142 140
143 1
143 2
143 4
143 5
143 7
143 9
143 10
143 14
143 16
143 19
143 22
143 25
143 29
143 31
143 33
143 37
143 38
143 43
143 44
143 46
143 47
143 48
143 49
143 50
143 51
143 53
143 54
143 56
143 58
143 59
143 60
143 62
143 66
143 69
143 71
143 73
143 75
143 77
143 79
143 80
143 82
143 83
143 84
143 85
143 89
143 91
143 95
143 96
143 97
143 100
143 104
143 107
143 109
143 111
143 112
143 114
143 118
143 120
143 122
143 123
143 125
143 127
143 131
143 132
143 133
143 134
143 136
143 139
143 140
144 2
144 4
144 5
144 7
144 8
144 10
144 11
144 15
144 16
144 17
144 18
144 21
144 23
144 25
144 27
144 28
144 29
144 30
144 31
144 32
144 35
144 40
144 43
144 46
144 48
144 49
144 50
144 54
144 55
144 56
144 57
144 58
144 60
144 61
144 62
144 64
144 65
144 69
144 70
144 76
144 79
144 80
144 83
144 84
144 88
144 90
144 96
144 102
144 107
144 110
144 111
144 112
144 113
144 114
144 117
144 118
144 120
144 122
144 124
144 125
144 127
144 129
144 131
144 132
144 133
144 134
144 136
144 138
144 142
145 3
145 4
145 5
145 7
145 9
145 13
145 15
145 16
145 20
145 21
145 23
145 24
145 25
145 28
145 30
145 31
145 32
145 34
145 35
145 36
145 37
145 38
145 39
145 41
145 44
145 45
145 46
145 50
145 53
145 56
145 58
145 60
145 63
145 66
145 67
145 69
145 74
145 75
145 77
145 78
145 79
145 80
145 81
145 82
145 83
145 84
145 85
145 87
145 88
145 89
145 90
145 91
145 92
145 93
145 94
145 95
145 97
145 98
145 99
145 100
145 104
145 105
145 107
145 110
145 112
145 114
145 115
145 116
145 119
145 121
145 122
145 124
145 125
145 126
145 128
145 129
145 131
145 135
145 136
145 141
145 143
146 1
146 2
146 6
146 7
146 8
146 9
146 13
146 15
146 16
146 18
146 22
146 25
146 26
146 29
146 31
146 35
146 36
146 39
146 40
146 42
146 43
146 44
146 46
146 49
146 50
146 51
146 54
146 55
146 56
146 58
146 63
146 65
146 67
146 68
146 73
146 77
146 78
146 79
146 80
146 82
146 83
146 86
146 87
146 89
146 90
146 93
146 99
146 100
146 102
146 103
146 109
146 110
146 113
146 116
146 120
146 121
146 126
146 127
146 131
146 132
146 133
146 134
146 135
146 136
146 137
146 139
146 143
147 2
147 4
147 5
147 6
147 8
147 10
147 11
147 21
147 29
147 32
147 33
147 36
147 37
147 39
147 44
147 46
147 47
147 48
147 49
147 51
147 54
147 55
147 57
147 59
147 60
147 62
147 64
147 66
147 71
147 78
147 80
147 84
147 86
147 87
147 88
147 92
147 93
147 94
147 97
147 98
147 99
147 100
147 101
147 103
147 104
147 105
147 107
147 108
147 110
147 111
147 113
147 114
147 120
147 121
147 122
147 123
147 125
147 126
147 129
147 130
147 131
147 132
147 139
147 140
147 144
148 2
148 3
148 4
148 7
148 10
148 11
148 12
148 13
148 14
148 15
148 16
148 19
148 20
148 23
148 27
148 28
148 30
148 32
148 33
148 36
148 37
148 40
148 43
148 48
148 51
148 53
148 58
148 61
148 62
148 64
148 66
148 67
148 69
148 71
148 72
148 73
148 74
148 75
148 76
148 80
148 81
148 82
148 83
148 85
148 86
148 91
148 92
148 94
148 99
148 100
148 101
148 102
148 103
148 104
148 105
148 106
148 107
148 108
148 110
148 111
148 112
148 113
148 114
148 115
148 116
148 117
148 120
148 123
148 127
148 129
148 132
148 134
148 136
148 137
148 138
148 139
148 140
148 142
148 144
148 145
148 146
149 1
149 2
149 6
149 10
149 11
149 12
149 13
149 18
149 19
149 20
149 22
149 24
149 26
149 27
149 29
149 36
149 40
149 42
149 47
149 48
149 52
149 57
149 58
149 60
149 61
149 63
149 65
149 66
149 68
149 72
149 73
149 75
149 76
149 77
149 78
149 80
149 81
149 85
149 88
149 89
149 93
149 95
149 99
149 100
149 102
149 104
149 107
149 108
149 109
149 111
149 113
149 115
149 118
149 120
149 121
149 123
149 125
149 127
149 130
149 131
149 132
149 136
149 137
149 138
149 141
149 143
149 144
150 1
150 2
150 6
150 7
150 8
150 9
150 13
150 15
150 16
150 17
150 20
150 23
150 24
150 25
150 26
150 28
150 31
150 32
150 41
150 44
150 47
150 48
150 53
150 55
150 56
150 59
150 64
150 65
150 66
150 67
150 71
150 73
150 76
150 78
150 80
150 82
150 83
150 84
150 85
150 86
150 89
150 90
150 94
150 95
150 96
150 97
150 98
150 99
150 104
150 106
150 108
150 109
150 111
150 112
150 115
150 116
150 117
150 119
150 120
150 122
150 123
150 124
150 127
150 129
150 135
150 136
150 139
150 141
150 142
150 148
150 149
151 2
151 3
151 5
151 6
151 8
151 10
151 11
151 12
151 14
151 15
151 18
151 19
151 20
151 22
151 23
151 24
151 25
151 26
151 27
151 31
151 37
151 41
151 42
151 45
151 47
151 51
151 56
151 57
151 59
151 62
151 65
151 66
151 68
151 70
151 73
151 74
151 76
151 82
151 84
151 85
151 86
151 87
151 90
151 91
151 95
151 96
151 99
151 101
151 102
151 103
151 104
151 106
151 107
151 108
151 109
151 110
151 111
151 113
151 114
151 116
151 120
151 122
151 123
151 125
151 128
151 135
151 136
151 137
151 138
151 139
151 144
151 145
151 146
151 148
151 150
152 1
152 2
152 5
152 7
152 11
152 12
152 15
152 16
152 20
152 21
152 23
152 26
152 27
152 29
152 30
152 31
152 32
152 33
152 37
152 38
152 41
152 42
152 44
152 48
152 50
152 51
152 53
152 55
152 59
152 60
152 61
152 62
152 63
152 66
152 68
152 69
152 70
152 73
152 74
152 75
152 76
152 77
152 78
152 80
152 81
152 82
152 83
152 84
152 86
152 90
152 93
152 97
152 98
152 102
152 103
152 107
152 109
152 110
152 111
152 112
152 113
152 115
152 116
152 122
152 126
152 129
152 130
152 132
152 133
152 137
152 139
152 140
152 141
152 143
152 144
152 147
152 150
153 2
153 3
153 5
153 6
153 7
153 8
153 14
153 15
153 16
153 20
153 21
153 22
153 23
153 24
153 28
153 30
153 32
153 33
153 39
153 41
153 43
153 48
153 49
153 52
153 59
153 60
153 61
153 62
153 65
153 66
153 67
153 70
153 71
153 74
153 78
153 79
153 80
153 81
153 82
153 83
153 84
153 85
153 86
153 88
153 89
153 91
153 95
153 99
153 100
153 102
153 103
153 105
153 106
153 107
153 109
153 116
153 123
153 124
153 125
153 128
153 129
153 130
153 138
153 139
153 144
153 145
153 146
153 151
153 152
154 3
154 5
154 7
154 8
154 13
154 15
154 16
154 18
154 20
154 22
154 23
154 28
154 29
154 32
154 38
154 39
154 40
154 41
154 42
154 43
154 44
154 45
154 47
154 50
154 51
154 55
154 58
154 59
154 62
154 64
154 65
154 67
154 75
154 78
154 85
154 86
154 87
154 88
154 89
154 91
154 92
154 93
154 94
154 98
154 99
154 100
154 101
154 107
154 108
154 110
154 111
154 113
154 114
154 118
154 119
154 122
154 128
154 129
154 130
154 131
154 132
154 133
154 134
154 135
154 137
154 138
154 139
154 144
154 145
154 147
154 148
154 150
154 152
155 1
155 4
155 10
155 11
155 12
155 13
155 14
155 21
155 23
155 26
155 29
155 30
155 32
155 33
155 37
155 39
155 40
155 42
155 43
155 44
155 46
155 49
155 51
155 52
155 53
155 54
155 58
155 59
155 60
155 61
155 63
155 65
155 67
155 68
155 75
155 76
155 77
155 78
155 80
155 82
155 92
155 94
155 95
155 97
155 98
155 100
155 107
155 108
155 109
155 112
155 113
155 114
155 118
155 119
155 121
155 125
155 129
155 130
155 132
155 133
155 136
155 137
155 139
155 140
155 141
155 144
155 147
155 149
155 152
155 153
156 3
156 6
156 14
156 16
156 19
156 24
156 25
156 28
156 29
156 31
156 32
156 33
156 35
156 36
156 37
156 39
156 43
156 50
156 52
156 53
156 54
156 56
156 57
156 58
156 59
156 60
156 61
156 63
156 64
156 65
156 66
156 67
156 69
156 72
156 74
156 77
156 79
156 83
156 86
156 87
156 89
156 93
156 95
156 97
156 98
156 99
156 102
156 103
156 104
156 106
156 108
156 112
156 114
156 116
156 118
156 119
156 124
156 125
156 127
156 128
156 129
156 133
156 135
156 136
156 137
156 138
156 140
156 141
156 142
156 144
156 145
156 146
156 150
156 151
156 152
156 153
156 154
156 155
157 2
157 3
157 6
157 7
157 8
157 9
157 11
157 15
157 16
157 19
157 21
157 22
157 23
157 24
157 30
157 33
157 34
157 35
157 36
157 39
157 41
157 42
157 47
157 48
157 50
157 51
157 52
157 59
157 60
157 63
157 64
157 66
157 70
157 71
157 72
157 73
157 74
157 75
157 76
157 78
157 79
157 80
157 81
157 82
157 83
157 84
157 88
157 90
157 91
157 93
157 94
157 99
157 100
157 102
157 104
157 106
157 108
157 110
157 113
157 115
157 116
157 118
157 120
157 123
157 124
157 126
157 127
157 129
157 130
157 133
157 137
157 138
157 139
157 140
157 141
157 144
157 146
157 148
157 151
157 152
157 154
157 156
158 1
158 2
158 3
158 4
158 5
158 6
158 10
158 13
158 14
158 18
158 20
158 21
158 22
158 23
158 25
158 26
158 28
158 29
158 31
158 34
158 35
158 37
158 41
158 43
158 48
158 50
158 52
158 53
158 56
158 57
158 58
158 59
158 60
158 63
158 64
158 65
158 68
158 70
158 71
158 72
158 73
158 75
158 76
158 77
158 78
158 79
158 84
158 85
158 91
158 92
158 93
158 100
158 102
158 103
158 107
158 111
158 112
158 113
158 124
158 131
158 134
158 136
158 139
158 141
158 142
158 144
158 145
158 147
158 153
158 156
158 157
159 1
159 3
159 4
159 5
159 7
159 8
159 9
159 12
159 13
159 14
159 15
159 18
159 21
159 23
159 25
159 26
159 28
159 31
159 32
159 33
159 34
159 35
159 36
159 38
159 39
159 40
159 44
159 45
159 47
159 49
159 52
159 55
159 57
159 59
159 60
159 61
159 62
159 63
159 65
159 67
159 69
159 71
159 75
159 77
159 79
159 80
159 81
159 83
159 84
159 85
159 86
159 89
159 94
159 100
159 101
159 104
159 106
159 108
159 109
159 110
159 112
159 115
159 117
159 118
159 119
159 121
159 122
159 125
159 126
159 127
159 131
159 133
159 135
159 136
159 137
159 141
159 142
159 146
159 148
159 149
159 153
159 157
160 1
160 2
160 3
160 4
160 5
160 6
160 10
160 14
160 16
160 17
160 18
160 19
160 21
160 22
160 24
160 26
160 27
160 29
160 31
160 36
160 39
160 41
160 42
160 43
160 44
160 46
160 47
160 48
160 50
160 51
160 52
160 53
160 54
160 56
160 58
160 59
160 60
160 62
160 63
160 65
160 68
160 69
160 72
160 73
160 75
160 79
160 82
160 85
160 86
160 87
160 89
160 91
160 92
160 96
160 97
160 100
160 101
160 105
160 109
160 112
160 117
160 119
160 120
160 122
160 126
160 130
160 132
160 135
160 137
160 138
160 139
160 141
160 142
160 143
160 144
160 145
160 146
160 152
160 154
160 156
160 157
160 158
160 159
161 2
161 5
161 8
161 10
161 12
161 14
161 19
161 20
161 21
161 24
161 25
161 27
161 28
161 29
161 34
161 35
161 37
161 38
161 42
161 45
161 52
161 57
161 59
161 60
161 65
161 66
161 68
161 72
161 74
161 76
161 77
161 78
161 81
161 82
161 85
161 92
161 93
161 95
161 99
161 100
161 103
161 104
161 105
161 107
161 111
161 112
161 114
161 115
161 117
161 118
161 119
161 121
161 122
161 123
161 127
161 129
161 130
161 132
161 137
161 138
161 139
161 143
161 145
161 146
161 149
161 151
161 152
161 153
161 154
161 155
162 1
162 2
162 3
162 4
162 11
162 14
162 15
162 16
162 25
162 26
162 32
162 33
162 34
162 38
162 40
162 42
162 44
162 46
162 47
162 48
162 53
162 55
162 57
162 59
162 60
162 61
162 65
162 68
162 70
162 71
162 73
162 74
162 76
162 77
162 79
162 80
162 81
162 84
162 87
162 89
162 90
162 93
162 95
162 96
162 97
162 99
162 102
162 105
162 106
162 108
162 109
162 110
162 111
162 114
162 124
162 126
162 128
162 129
162 130
162 132
162 133
162 135
162 136
162 138
162 139
162 142
162 145
162 146
162 147
162 155
162 156
162 157
162 159
162 160
162 161
163 2
163 4
163 6
163 9
163 10
163 13
163 14
163 15
163 16
163 18
163 19
163 27
163 28
163 31
163 38
163 44
163 47
163 48
163 49
163 53
163 54
163 55
163 58
163 59
163 60
163 66
163 70
163 71
163 74
163 76
163 77
163 78
163 80
163 81
163 82
163 83
163 84
163 88
163 92
163 95
163 96
163 97
163 100
163 101
163 102
163 103
163 104
163 106
163 107
163 109
163 113
163 115
163 118
163 121
163 124
163 125
163 127
163 128
163 129
163 133
163 137
163 139
163 141
163 144
163 145
163 147
163 149
163 153
163 159
163 160
163 161
164 3
164 5
164 6
164 7
164 8
164 10
164 11
164 12
164 13
164 15
164 16
164 17
164 19
164 21
164 26
164 27
164 28
164 29
164 32
164 34
164 35
164 38
164 39
164 40
164 41
164 42
164 44
164 45
164 47
164 49
164 52
164 53
164 54
164 56
164 58
164 60
164 64
164 67
164 68
164 70
164 72
164 74
164 77
164 78
164 79
164 83
164 89
164 90
164 94
164 96
164 97
164 100
164 102
164 104
164 107
164 109
164 110
164 112
164 114
164 116
164 118
164 122
164 123
164 124
164 125
164 126
164 128
164 129
164 132
164 133
164 134
164 137
164 139
164 141
164 143
164 145
164 148
164 149
164 153
164 154
164 155
164 157
164 159
164 160
164 162
165 2
165 3
165 5
165 7
165 12
165 14
165 15
165 16
165 19
165 20
165 21
165 23
165 24
165 27
165 33
165 34
165 35
165 36
165 37
165 38
165 40
165 41
165 45
165 48
165 49
165 53
165 55
165 56
165 60
165 62
165 63
165 65
165 68
165 69
165 73
165 75
165 77
165 80
165 84
165 85
165 88
165 89
165 90
165 91
165 95
165 101
165 102
165 103
165 106
165 107
165 109
165 110
165 113
165 120
165 122
165 124
165 125
165 126
165 127
165 129
165 130
165 131
165 133
165 134
165 135
165 137
165 138
165 139
165 140
165 141
165 142
165 143
165 144
165 145
165 149
165 151
165 152
165 154
165 155
165 157
165 158
165 160
165 163
165 164
166 1
166 2
166 3
166 4
166 5
166 6
166 7
166 8
166 10
166 12
166 16
166 18
166 19
166 23
166 24
166 25
166 26
166 27
166 29
166 30
166 33
166 35
166 36
166 37
166 40
166 42
166 43
166 44
166 47
166 49
166 51
166 56
166 57
166 61
166 62
166 63
166 69
166 71
166 73
166 74
166 76
166 79
166 82
166 83
166 87
166 88
166 89
166 90
166 92
166 94
166 96
166 99
166 103
166 104
166 108
166 109
166 112
166 114
166 115
166 116
166 118
166 120
166 122
166 123
166 135
166 138
166 139
166 140
166 143
166 144
166 147
166 148
166 149
166 150
166 151
166 153
166 154
166 160
166 164
166 165
167 2
167 4
167 5
167 6
167 7
167 14
167 16
167 17
167 18
167 19
167 20
167 23
167 24
167 26
167 28
167 29
167 30
167 31
167 32
167 33
167 37
167 38
167 40
167 41
167 42
167 43
167 44
167 47
167 50
167 51
167 54
167 55
167 56
167 57
167 61
167 62
167 64
167 68
167 74
167 75
167 76
167 83
167 86
167 89
167 90
167 95
167 96
167 97
167 102
167 103
167 104
167 105
167 106
167 112
167 113
167 114
167 116
167 117
167 118
167 120
167 124
167 129
167 132
167 134
167 136
167 137
167 138
167 139
167 140
167 141
167 142
167 144
167 148
167 153
167 154
167 156
167 158
167 159
167 160
167 163
167 166
168 2
168 4
168 5
168 6
168 12
168 13
168 14
168 17
168 22
168 24
168 25
168 26
168 27
168 28
168 33
168 36
168 38
168 39
168 40
168 41
168 42
168 49
168 53
168 56
168 57
168 58
168 61
168 63
168 66
168 72
168 74
168 75
168 76
168 77
168 78
168 80
168 81
168 82
168 84
168 85
168 86
168 88
168 94
168 95
168 96
168 97
168 98
168 100
168 101
168 102
168 107
168 110
168 111
168 112
168 114
168 115
168 118
168 122
168 123
168 124
168 127
168 129
168 130
168 131
168 132
168 133
168 135
168 144
168 147
168 148
168 151
168 152
168 155
168 157
168 158
168 159
168 160
168 167
169 1
169 5
169 6
169 7
169 9
169 10
169 11
169 12
169 13
169 14
169 16
169 17
169 18
169 19
169 20
169 21
169 25
169 26
169 28
169 37
169 42
169 44
169 46
169 47
169 49
169 51
169 55
169 57
169 58
169 63
169 64
169 67
169 69
169 72
169 73
169 76
169 82
169 83
169 86
169 89
169 92
169 94
169 96
169 97
169 103
169 105
169 114
169 115
169 116
169 118
169 119
169 122
169 123
169 125
169 126
169 127
169 129
169 130
169 131
169 133
169 134
169 136
169 138
169 141
169 143
169 145
169 149
169 151
169 152
169 153
169 154
169 155
169 156
169 160
169 162
169 163
169 166
170 1
170 2
170 3
170 4
170 5
170 6
170 7
170 9
170 11
170 13
170 16
170 17
170 19
170 20
170 22
170 24
170 31
170 33
170 34
170 35
170 36
170 38
170 39
170 40
170 42
170 45
170 46
170 47
170 49
170 51
170 53
170 61
170 67
170 70
170 72
170 74
170 75
170 76
170 77
170 78
170 82
170 83
170 86
170 88
170 89
170 91
170 92
170 93
170 96
170 100
170 104
170 105
170 107
170 108
170 111
170 112
170 115
170 116
170 118
170 123
170 125
170 126
170 127
170 128
170 129
170 132
170 136
170 138
170 139
170 140
170 142
170 144
170 148
170 150
170 151
170 156
170 159
170 160
170 161
170 163
170 167
170 169
171 1
171 2
171 3
171 6
171 7
171 8
171 10
171 11
171 12
171 14
171 15
171 16
171 17
171 19
171 20
171 21
171 23
171 29
171 36
171 37
171 39
171 40
171 42
171 44
171 45
171 51
171 52
171 54
171 56
171 57
171 63
171 65
171 68
171 69
171 71
171 72
171 75
171 79
171 80
171 81
171 82
171 84
171 85
171 87
171 89
171 92
171 93
171 97
171 101
171 102
171 103
171 104
171 105
171 107
171 108
171 110
171 111
171 113
171 118
171 120
171 121
171 122
171 123
171 124
171 125
171 127
171 135
171 137
171 141
171 142
171 151
171 152
171 155
171 156
171 157
171 158
171 163
171 165
171 166
171 168
171 169
171 170
172 1
172 5
172 6
172 7
172 8
172 10
172 12
172 15
172 16
172 17
172 19
172 20
172 21
172 23
172 25
172 26
172 27
172 28
172 29
172 30
172 31
172 34
172 36
172 38
172 39
172 40
172 41
172 43
172 44
172 46
172 48
172 49
172 53
172 54
172 55
172 57
172 58
172 59
172 61
172 63
172 66
172 67
172 68
172 69
172 70
172 74
172 77
172 78
172 81
172 82
172 83
172 84
172 86
172 88
172 89
172 91
172 93
172 94
172 96
172 97
172 98
172 100
172 103
172 105
172 106
172 108
172 109
172 110
172 112
172 114
172 116
172 118
172 120
172 122
172 124
172 125
172 126
172 130
172 133
172 134
172 137
172 143
172 145
172 146
172 147
172 149
172 150
172 153
172 154
172 155
172 156
172 158
172 160
172 162
172 163
172 164
172 165
172 166
172 167
172 168
173 1
173 2
173 3
173 4
173 8
173 9
173 10
173 11
173 12
173 13
173 16
173 24
173 26
173 27
173 29
173 30
173 32
173 33
173 35
173 36
173 37
173 41
173 45
173 46
173 48
173 49
173 50
173 52
173 55
173 57
173 59
173 60
173 61
173 64
173 65
173 67
173 68
173 69
173 70
173 71
173 72
173 73
173 74
173 80
173 82
173 83
173 84
173 85
173 87
173 88
173 89
173 91
173 92
173 93
173 95
173 97
173 99
173 101
173 102
173 104
173 105
173 106
173 110
173 113
173 115
173 118
173 120
173 121
173 122
173 124
173 125
173 128
173 130
173 132
173 133
173 137
173 138
173 140
173 141
173 143
173 145
173 147
173 150
173 151
173 152
173 153
173 154
173 156
173 158
173 161
173 162
173 165
173 166
173 167
173 168
173 169
173 170
173 172
174 3
174 4
174 5
174 6
174 9
174 10
174 12
174 13
174 14
174 16
174 19
174 20
174 23
174 25
174 28
174 34
174 36
174 41
174 43
174 44
174 45
174 47
174 48
174 53
174 54
174 55
174 56
174 57
174 58
174 60
174 61
174 62
174 63
174 67
174 71
174 72
174 73
174 75
174 80
174 82
174 86
174 89
174 92
174 94
174 97
174 99
174 100
174 101
174 103
174 104
174 107
174 108
174 109
174 111
174 113
174 115
174 116
174 117
174 118
174 122
174 125
174 126
174 127
174 131
174 134
174 135
174 137
174 139
174 140
174 141
174 143
174 145
174 146
174 150
174 151
174 152
174 154
174 155
174 159
174 162
174 165
174 168
174 169
174 170
175 2
175 3
175 6
175 12
175 16
175 17
175 18
175 19
175 20
175 28
175 30
175 32
175 34
175 36
175 37
175 39
175 40
175 42
175 43
175 46
175 47
175 48
175 49
175 53
175 54
175 55
175 56
175 58
175 60
175 61
175 62
175 63
175 67
175 74
175 76
175 77
175 78
175 79
175 81
175 82
175 83
175 84
175 85
175 87
175 88
175 89
175 96
175 97
175 99
175 102
175 105
175 107
175 110
175 111
175 116
175 118
175 120
175 123
175 125
175 128
175 129
175 135
175 136
175 139
175 141
175 142
175 143
175 144
175 150
175 152
175 153
175 154
175 155
175 156
175 157
175 158
175 161
175 162
175 163
175 166
175 167
175 169
175 170
175 171
175 172
175 173
176 1
176 2
176 3
176 5
176 6
176 10
176 11
176 13
176 14
176 15
176 17
176 18
176 21
176 25
176 26
176 27
176 30
176 33
176 34
176 37
176 39
176 40
176 42
176 43
176 46
176 47
176 51
176 53
176 57
176 59
176 61
176 63
176 66
176 67
176 70
176 71
176 73
176 74
176 76
176 78
176 82
176 83
176 84
176 85
176 86
176 88
176 93
176 95
176 96
176 97
176 98
176 99
176 100
176 101
176 102
176 109
176 111
176 112
176 114
176 115
176 116
176 120
176 123
176 126
176 128
176 129
176 130
176 131
176 132
176 135
176 136
176 137
176 139
176 140
176 144
176 145
176 147
176 148
176 151
176 152
176 155
176 156
176 159
176 164
176 167
176 168
176 169
176 173
176 174
176 175
177 1
177 2
177 3
177 4
177 5
177 9
177 13
177 18
177 21
177 22
177 23
177 25
177 26
177 29
177 32
177 33
177 36
177 38
177 41
177 46
177 47
177 49
177 50
177 51
177 55
177 57
177 58
177 61
177 63
177 64
177 66
177 67
177 70
177 73
177 75
177 79
177 81
177 85
177 87
177 89
177 91
177 93
177 94
177 96
177 97
177 98
177 99
177 103
177 107
177 108
177 111
177 112
177 113
177 115
177 116
177 119
177 121
177 122
177 125
177 126
177 127
177 129
177 130
177 131
177 136
177 138
177 141
177 142
177 143
177 145
177 147
177 150
177 152
177 153
177 154
177 157
177 158
177 159
177 167
177 168
177 171
177 172
177 173
177 174
177 175
178 1
178 4
178 5
178 6
178 8
178 9
178 11
178 12
178 16
178 18
178 20
178 21
178 26
178 33
178 34
178 36
178 39
178 40
178 43
178 44
178 45
178 46
178 47
178 49
178 51
178 52
178 54
178 58
178 59
178 60
178 62
178 63
178 66
178 70
178 71
178 77
178 78
178 79
178 82
178 85
178 90
178 91
178 92
178 94
178 95
178 100
178 101
178 103
178 105
178 107
178 108
178 112
178 113
178 114
178 116
178 118
178 119
178 122
178 123
178 124
178 127
178 129
178 131
178 135
178 137
178 140
178 142
178 143
178 144
178 146
178 147
178 148
178 149
178 151
178 152
178 153
178 155
178 161
178 162
178 163
178 165
178 166
178 167
178 168
178 170
178 172
178 173
178 175
179 1
179 2
179 4
179 5
179 6
179 8
179 12
179 13
179 14
179 15
179 17
179 20
179 21
179 23
179 24
179 29
179 30
179 31
179 33
179 35
179 36
179 39
179 40
179 42
179 43
179 44
179 46
179 49
179 52
179 53
179 55
179 56
179 58
179 60
179 62
179 63
179 65
179 66
179 68
179 69
179 71
179 72
179 75
179 77
179 80
179 82
179 83
179 85
179 86
179 88
179 89
179 96
179 97
179 99
179 100
179 101
179 102
179 103
179 104
179 106
179 107
179 108
179 110
179 111
179 115
179 116
179 117
179 118
179 119
179 120
179 121
179 123
179 125
179 126
179 130
179 132
179 133
179 138
179 144
179 145
179 146
179 148
179 150
179 151
179 152
179 154
179 158
179 159
179 160
179 165
179 166
179 168
179 169
179 172
179 175
179 176
179 177
180 1
180 2
180 4
180 5
180 6
180 10
180 13
180 14
180 16
180 17
180 22
180 25
180 27
180 30
180 33
180 35
180 40
180 42
180 43
180 44
180 45
180 46
180 49
180 50
180 53
180 55
180 56
180 57
180 58
180 61
180 62
180 63
180 64
180 67
180 68
180 71
180 72
180 75
180 76
180 78
180 79
180 81
180 84
180 86
180 87
180 89
180 91
180 96
180 97
180 98
180 102
180 103
180 104
180 106
180 108
180 111
180 112
180 113
180 115
180 118
180 121
180 122
180 123
180 125
180 127
180 128
180 134
180 135
180 137
180 139
180 142
180 143
180 144
180 145
180 150
180 151
180 152
180 153
180 154
180 157
180 158
180 159
180 160
180 162
180 163
180 167
180 170
180 171
180 172
180 175
180 176
180 177
180 178
180 179
181 3
181 4
181 8
181 10
181 11
181 12
181 14
181 17
181 23
181 26
181 28
181 30
181 33
181 34
181 36
181 39
181 40
181 43
181 44
181 45
181 46
181 47
181 49
181 51
181 54
181 56
181 57
181 59
181 63
181 64
181 66
181 68
181 72
181 77
181 79
181 82
181 84
181 85
181 86
181 88
181 90
181 94
181 95
181 99
181 101
181 102
181 105
181 108
181 114
181 115
181 124
181 125
181 126
181 127
181 129
181 130
181 137
181 139
181 142
181 146
181 147
181 148
181 149
181 152
181 155
181 157
181 159
181 161
181 166
181 168
181 169
181 170
181 172
181 176
181 177
181 178
181 180
182 2
182 3
182 5
182 11
182 12
182 13
182 14
182 15
182 17
182 18
182 19
182 20
182 22
182 23
182 27
182 30
182 31
182 32
182 33
182 34
182 35
182 36
182 37
182 38
182 39
182 40
182 41
182 45
182 46
182 47
182 49
182 50
182 52
182 54
182 57
182 63
182 64
182 65
182 68
182 69
182 72
182 75
182 77
182 78
182 81
182 82
182 85
182 86
182 87
182 88
182 89
182 94
182 96
182 101
182 102
182 103
182 104
182 105
182 106
182 108
182 117
182 118
182 119
182 123
182 126
182 127
182 130
182 132
182 133
182 134
182 139
182 140
182 142
182 145
182 146
182 149
182 150
182 151
182 152
182 153
182 154
182 155
182 160
182 165
182 167
182 170
182 172
182 176
182 178
182 181
183 1
183 3
183 4
183 5
183 6
183 7
183 11
183 16
183 18
183 21
183 22
183 23
183 28
183 29
183 31
183 32
183 35
183 36
183 38
183 41
183 42
183 44
183 50
183 53
183 58
183 60
183 62
183 63
183 65
183 70
183 72
183 73
183 74
183 75
183 77
183 79
183 80
183 84
183 86
183 88
183 92
183 99
183 100
183 101
183 102
183 104
183 105
183 106
183 110
183 112
183 113
183 114
183 117
183 118
183 122
183 124
183 125
183 126
183 127
183 128
183 129
183 131
183 132
183 136
183 139
183 142
183 144
183 145
183 147
183 149
183 151
183 153
183 154
183 156
183 157
183 158
183 159
183 160
183 163
183 164
183 165
183 171
183 173
183 179
183 180
184 6
184 7
184 10
184 11
184 15
184 16
184 20
184 22
184 24
184 25
184 26
184 28
184 29
184 30
184 31
184 34
184 36
184 37
184 41
184 43
184 44
184 46
184 47
184 48
184 51
184 52
184 55
184 56
184 57
184 58
184 61
184 62
184 64
184 65
184 66
184 67
184 68
184 70
184 75
184 77
184 80
184 82
184 83
184 84
184 87
184 88
184 92
184 93
184 94
184 95
184 105
184 106
184 110
184 111
184 116
184 117
184 118
184 120
184 124
184 125
184 128
184 130
184 133
184 135
184 137
184 139
184 140
184 142
184 143
184 145
184 147
184 148
184 149
184 151
184 152
184 154
184 155
184 158
184 160
184 165
184 167
184 168
184 169
184 170
184 171
184 172
184 174
184 175
184 176
184 179
184 180
184 181
185 1
185 2
185 3
185 4
185 6
185 8
185 10
185 12
185 15
185 17
185 18
185 22
185 23
185 24
185 25
185 29
185 30
185 31
185 32
185 33
185 37
185 39
185 41
185 43
185 45
185 46
185 48
185 50
185 53
185 57
185 60
185 61
185 62
185 65
185 68
185 69
185 70
185 71
185 72
185 76
185 77
185 79
185 80
185 81
185 82
185 83
185 86
185 90
185 96
185 97
185 101
185 103
185 104
185 106
185 108
185 109
185 111
185 113
185 114
185 115
185 116
185 117
185 118
185 119
185 121
185 123
185 124
185 125
185 127
185 130
185 132
185 133
185 135
185 136
185 138
185 139
185 141
185 142
185 143
185 144
185 152
185 153
185 154
185 155
185 156
185 157
185 159
185 162
185 166
185 171
185 172
185 174
185 177
185 179
185 183
185 184
186 1
186 3
186 7
186 8
186 11
186 12
186 15
186 16
186 18
186 21
186 22
186 23
186 24
186 25
186 26
186 29
186 30
186 32
186 34
186 36
186 39
186 41
186 43
186 44
186 45
186 49
186 50
186 51
186 54
186 55
186 56
186 57
186 60
186 62
186 67
186 69
186 70
186 71
186 72
186 76
186 77
186 78
186 82
186 83
186 86
186 89
186 94
186 95
186 98
186 99
186 100
186 101
186 102
186 105
186 107
186 108
186 110
186 111
186 113
186 114
186 115
186 121
186 123
186 124
186 130
186 131
186 133
186 135
186 136
186 137
186 138
186 139
186 140
186 141
186 144
186 145
186 148
186 151
186 154
186 156
186 158
186 159
186 160
186 161
186 162
186 165
186 166
186 167
186 168
186 171
186 177
186 179
186 180
186 181
186 184
187 3
187 4
187 5
187 6
187 7
187 9
187 10
187 11
187 13
187 15
187 19
187 20
187 25
187 26
187 27
187 29
187 30
187 31
187 33
187 37
187 38
187 40
187 41
187 43
187 46
187 47
187 48
187 49
187 51
187 52
187 53
187 56
187 57
187 58
187 59
187 62
187 63
187 64
187 66
187 70
187 71
187 74
187 75
187 76
187 80
187 83
187 84
187 88
187 89
187 92
187 93
187 95
187 96
187 97
187 98
187 100
187 101
187 102
187 103
187 106
187 111
187 112
187 114
187 116
187 119
187 120
187 122
187 123
187 133
187 134
187 135
187 136
187 138
187 140
187 142
187 144
187 145
187 148
187 152
187 153
187 154
187 155
187 157
187 159
187 161
187 163
187 164
187 166
187 172
187 175
187 176
187 178
187 184
187 185
188 1
188 3
188 4
188 5
188 6
188 8
188 9
188 11
188 12
188 14
188 16
188 19
188 21
188 22
188 23
188 24
188 25
188 26
188 28
188 29
188 34
188 35
188 36
188 37
188 38
188 41
188 45
188 46
188 48
188 50
188 51
188 53
188 55
188 56
188 62
188 64
188 65
188 67
188 68
188 69
188 71
188 72
188 74
188 77
188 81
188 82
188 83
188 84
188 88
188 89
188 95
188 96
188 98
188 101
188 102
188 103
188 107
188 109
188 110
188 114
188 118
188 119
188 121
188 122
188 124
188 125
188 126
188 129
188 131
188 133
188 134
188 137
188 139
188 140
188 141
188 142
188 143
188 149
188 150
188 151
188 153
188 154
188 156
188 157
188 158
188 159
188 160
188 162
188 164
188 165
188 171
188 173
188 174
188 176
188 179
188 181
188 187
189 3
189 5
189 7
189 8
189 10
189 12
189 13
189 15
189 16
189 18
189 20
189 25
189 26
189 27
189 28
189 29
189 30
189 33
189 36
189 41
189 42
189 45
189 46
189 49
189 50
189 52
189 54
189 55
189 58
189 60
189 61
189 62
189 64
189 66
189 67
189 68
189 69
189 71
189 73
189 75
189 76
189 77
189 79
189 80
189 81
189 86
189 88
189 90
189 91
189 94
189 95
189 97
189 99
189 100
189 103
189 106
189 107
189 109
189 110
189 112
189 113
189 114
189 118
189 119
189 122
189 123
189 125
189 126
189 130
189 131
189 132
189 133
189 135
189 136
189 137
189 138
189 139
189 140
189 142
189 143
189 145
189 150
189 151
189 152
189 154
189 155
189 157
189 158
189 159
189 161
189 162
189 165
189 167
189 169
189 170
189 171
189 173
189 174
189 175
189 177
189 180
189 181
189 182
189 184
189 185
189 186
189 187
189 188
190 2
190 3
190 4
190 6
190 7
190 8
190 9
190 11
190 12
190 13
190 16
190 18
190 19
190 20
190 25
190 26
190 32
190 35
190 37
190 40
190 41
190 43
190 48
190 52
190 53
190 54
190 57
190 58
190 59
190 60
190 61
190 62
190 68
190 72
190 74
190 75
190 76
190 79
190 81
190 82
190 88
190 89
190 90
190 92
190 93
190 96
190 98
190 99
190 101
190 104
190 105
190 106
190 107
190 108
190 109
190 110
190 111
190 112
190 117
190 118
190 120
190 121
190 122
190 123
190 125
190 128
190 129
190 131
190 135
190 137
190 138
190 139
190 140
190 141
190 143
190 144
190 146
190 148
190 149
190 150
190 151
190 152
190 153
190 156
190 158
190 163
190 167
190 168
190 170
190 171
190 173
190 174
190 176
190 177
190 178
190 179
190 180
190 181
190 183
190 188
191 1
191 3
191 5
191 6
191 8
191 12
191 14
191 16
191 17
191 19
191 21
191 22
191 23
191 24
191 25
191 27
191 29
191 30
191 32
191 34
191 35
191 36
191 39
191 40
191 43
191 45
191 46
191 47
191 49
191 51
191 54
191 58
191 60
191 61
191 67
191 69
191 74
191 75
191 76
191 77
191 79
191 81
191 82
191 84
191 86
191 88
191 91
191 92
191 94
191 96
191 101
191 104
191 107
191 108
191 112
191 114
191 117
191 118
191 119
191 121
191 122
191 123
191 124
191 127
191 128
191 129
191 130
191 131
191 134
191 136
191 139
191 140
191 142
191 146
191 147
191 149
191 150
191 151
191 153
191 155
191 157
191 160
191 161
191 164
191 165
191 166
191 169
191 170
191 171
191 172
191 173
191 175
191 177
191 178
191 181
191 182
191 183
191 184
191 185
191 186
191 188
191 190
192 4
192 9
192 11
192 13
192 15
192 16
192 17
192 18
192 19
192 20
192 26
192 28
192 29
192 30
192 32
192 33
192 34
192 37
192 39
192 40
192 44
192 45
192 50
192 51
192 53
192 54
192 56
192 57
192 59
192 61
192 63
192 65
192 67
192 68
192 69
192 70
192 71
192 72
192 73
192 74
192 76
192 77
192 80
192 81
192 82
192 83
192 86
192 88
192 90
192 91
192 93
192 94
192 96
192 98
192 100
192 102
192 104
192 105
192 113
192 116
192 117
192 118
192 119
192 122
192 123
192 125
192 127
192 129
192 130
192 132
192 133
192 136
192 137
192 138
192 142
192 146
192 147
192 148
192 152
192 153
192 155
192 156
192 158
192 160
192 163
192 164
192 165
192 167
192 168
192 169
192 170
192 174
192 176
192 178
192 180
192 181
192 183
192 184
192 188
193 1
193 4
193 5
193 6
193 7
193 8
193 9
193 10
193 13
193 14
193 15
193 16
193 19
193 21
193 24
193 25
193 27
193 32
193 33
193 34
193 35
193 36
193 37
193 38
193 39
193 40
193 43
193 46
193 47
193 49
193 50
193 52
193 54
193 58
193 59
193 61
193 62
193 63
193 64
193 66
193 67
193 69
193 71
193 72
193 73
193 75
193 77
193 78
193 79
193 82
193 84
193 85
193 91
193 93
193 99
193 100
193 101
193 102
193 104
193 105
193 106
193 109
193 110
193 113
193 114
193 115
193 116
193 118
193 119
193 120
193 121
193 122
193 123
193 124
193 126
193 130
193 131
193 137
193 138
193 139
193 141
193 149
193 153
193 155
193 156
193 158
193 159
193 161
193 163
193 164
193 165
193 167
193 169
193 170
193 171
193 172
193 173
193 174
193 177
193 178
193 180
193 181
193 183
193 184
193 187
194 1
194 2
194 3
194 5
194 7
194 8
194 9
194 14
194 16
194 20
194 22
194 23
194 24
194 26
194 27
194 28
194 29
194 32
194 35
194 36
194 38
194 39
194 42
194 45
194 46
194 48
194 50
194 51
194 56
194 57
194 58
194 59
194 61
194 66
194 72
194 73
194 76
194 78
194 79
194 80
194 86
194 89
194 91
194 94
194 95
194 96
194 100
194 101
194 102
194 105
194 107
194 108
194 111
194 112
194 113
194 117
194 118
194 119
194 123
194 125
194 126
194 127
194 128
194 131
194 133
194 134
194 135
194 137
194 138
194 139
194 142
194 147
194 149
194 150
194 151
194 153
194 154
194 155
194 159
194 160
194 162
194 164
194 165
194 166
194 167
194 172
194 173
194 174
194 176
194 178
194 179
194 181
194 182
194 183
194 184
194 185
194 186
194 187
194 188
194 190
194 192
195 3
195 5
195 6
195 7
195 8
195 10
195 13
195 15
195 17
195 18
195 19
195 20
195 21
195 23
195 26
195 28
195 29
195 31
195 32
195 35
195 37
195 39
195 40
195 44
195 45
195 48
195 51
195 52
195 53
195 55
195 56
195 59
195 60
195 61
195 62
195 65
195 67
195 69
195 70
195 72
195 73
195 74
195 78
195 79
195 86
195 88
195 91
195 96
195 97
195 99
195 101
195 103
195 107
195 108
195 110
195 111
195 116
195 117
195 119
195 120
195 121
195 122
195 127
195 128
195 130
195 132
195 134
195 135
195 136
195 138
195 142
195 144
195 146
195 148
195 149
195 152
195 153
195 155
195 156
195 157
195 162
195 169
195 170
195 173
195 174
195 175
195 178
195 181
195 182
195 183
195 184
195 186
195 187
195 188
195 189
195 190
195 191
195 193
196 1
196 2
196 3
196 4
196 5
196 6
196 7
196 8
196 9
196 11
196 16
196 17
196 19
196 20
196 21
196 23
196 24
196 25
196 26
196 29
196 34
196 35
196 37
196 38
196 39
196 40
196 41
196 43
196 45
196 47
196 48
196 50
196 53
196 56
196 57
196 58
196 59
196 61
196 62
196 65
196 66
196 67
196 68
196 69
196 73
196 74
196 75
196 76
196 77
196 78
196 79
196 80
196 85
196 89
196 91
196 92
196 93
196 94
196 96
196 97
196 98
196 101
196 102
196 104
196 105
196 108
196 110
196 112
196 115
196 116
196 119
196 123
196 126
196 127
196 128
196 129
196 131
196 132
196 133
196 135
196 136
196 140
196 141
196 144
196 145
196 146
196 147
196 151
196 152
196 153
196 154
196 155
196 157
196 158
196 159
196 162
196 163
196 167
196 169
196 171
196 172
196 173
196 181
196 183
196 184
196 189
196 192
196 193
197 1
197 2
197 3
197 4
197 5
197 9
197 10
197 11
197 13
197 14
197 17
197 20
197 21
197 23
197 24
197 25
197 30
197 33
197 34
197 35
197 36
197 39
197 40
197 41
197 43
197 44
197 45
197 50
197 52
197 56
197 57
197 58
197 59
197 61
197 66
197 75
197 79
197 83
197 86
197 87
197 88
197 90
197 92
197 93
197 94
197 95
197 96
197 98
197 101
197 102
197 103
197 106
197 107
197 108
197 110
197 111
197 112
197 117
197 120
197 121
197 122
197 126
197 127
197 128
197 136
197 137
197 138
197 139
197 143
197 147
197 149
197 151
197 154
197 155
197 156
197 159
197 160
197 164
197 165
197 166
197 168
197 169
197 170
197 171
197 173
197 175
197 177
197 180
197 182
197 183
197 184
197 185
197 188
197 189
197 190
197 191
197 194
198 2
198 3
198 5
198 6
198 9
198 10
198 11
198 12
198 13
198 14
198 17
198 18
198 20
198 21
198 24
198 28
198 32
198 33
198 34
198 39
198 40
198 45
198 47
198 48
198 51
198 53
198 55
198 56
198 58
198 59
198 62
198 64
198 67
198 68
198 69
198 72
198 76
198 77
198 78
198 80
198 81
198 83
198 84
198 85
198 86
198 87
198 89
198 90
198 93
198 94
198 97
198 100
198 101
198 108
198 110
198 111
198 114
198 115
198 117
198 120
198 121
198 123
198 126
198 130
198 131
198 133
198 135
198 136
198 138
198 139
198 141
198 142
198 145
198 146
198 147
198 153
198 154
198 155
198 157
198 160
198 161
198 162
198 163
198 165
198 166
198 167
198 168
198 169
198 172
198 175
198 176
198 178
198 179
198 184
198 185
198 188
198 189
198 192
198 193
198 195
198 197
199 1
199 2
199 3
199 5
199 9
199 11
199 13
199 14
199 15
199 16
199 17
199 19
199 22
199 23
199 24
199 25
199 26
199 34
199 36
199 37
199 39
199 40
199 42
199 46
199 48
199 49
199 50
199 51
199 54
199 55
199 56
199 58
199 61
199 62
199 65
199 66
199 67
199 69
199 74
199 77
199 79
199 81
199 82
199 84
199 85
199 86
199 87
199 89
199 90
199 91
199 92
199 93
199 94
199 96
199 98
199 99
199 101
199 102
199 103
199 104
199 109
199 110
199 113
199 115
199 117
199 119
199 121
199 125
199 126
199 127
199 128
199 129
199 130
199 131
199 132
199 133
199 134
199 135
199 136
199 139
199 142
199 144
199 147
199 149
199 153
199 155
199 157
199 158
199 159
199 160
199 162
199 163
199 164
199 165
199 166
199 168
199 170
199 171
199 173
199 174
199 178
199 180
199 181
199 185
199 188
199 189
199 190
199 191
199 192
199 196









6
14
6
 1 2
 1 3
 1 4
 1 5
 1 6
 2 3
 2 4
 2 6
 3 4
 3 5
 3 6
 4 5
 4 6
 5 6

